140.500000 129.500000 154.500000 128.500000 4.011000
140.500000 129.500000 156.500000 128.500000 4.056000
141.500000 129.500000 153.500000 127.500000 4.090000
140.500000 129.500000 155.500000 124.500000 4.124000
141.500000 129.500000 156.500000 126.500000 4.161000
141.500000 129.500000 155.500000 124.500000 4.196000
141.500000 130.500000 156.500000 128.500000 4.233000
142.500000 130.500000 157.500000 125.500000 4.268000
141.500000 128.500000 154.500000 125.500000 4.306000
141.500000 130.500000 157.500000 127.500000 4.342000
141.500000 130.500000 157.500000 127.500000 4.375000
141.500000 130.500000 155.500000 126.500000 4.407000
141.500000 130.500000 156.500000 125.500000 4.440000
141.500000 131.500000 153.500000 125.500000 4.473000
142.500000 130.500000 157.500000 126.500000 4.501000
141.500000 129.500000 154.500000 128.500000 4.533000
141.500000 129.500000 154.500000 128.500000 4.567000
141.500000 131.500000 156.500000 127.500000 4.599000
141.500000 131.500000 154.500000 128.500000 4.629000
142.500000 130.500000 156.500000 127.500000 4.664000
140.500000 128.500000 157.500000 125.500000 4.697000
142.500000 130.500000 155.500000 126.500000 4.732000
142.500000 130.500000 157.500000 125.500000 4.775000
140.500000 131.500000 154.500000 128.500000 4.811000
141.500000 130.500000 156.500000 126.500000 4.847000
141.500000 131.500000 153.500000 128.500000 4.883000
140.500000 131.500000 156.500000 128.500000 4.920000
140.500000 129.500000 156.500000 128.500000 4.958000
139.500000 130.500000 155.500000 127.500000 4.993000
141.500000 130.500000 155.500000 127.500000 5.033000
141.500000 129.500000 154.500000 127.500000 5.075000
141.500000 130.500000 157.500000 126.500000 5.111000
141.500000 129.500000 156.500000 128.500000 5.152000
143.500000 132.500000 154.500000 127.500000 5.190000
141.500000 131.500000 157.500000 125.500000 5.234000
141.500000 131.500000 157.500000 127.500000 5.269000
141.500000 131.500000 157.500000 127.500000 5.305000
142.500000 131.500000 156.500000 126.500000 5.340000
141.500000 128.500000 157.500000 126.500000 5.383000
141.500000 131.500000 157.500000 127.500000 5.418000
140.500000 129.500000 157.500000 126.500000 5.452000
140.500000 129.500000 157.500000 127.500000 5.486000
141.500000 128.500000 157.500000 128.500000 5.526000
142.500000 131.500000 158.500000 126.500000 5.564000
141.500000 130.500000 155.500000 123.500000 5.598000
140.500000 129.500000 154.500000 126.500000 5.634000
141.500000 131.500000 155.500000 127.500000 5.672000
142.500000 130.500000 157.500000 127.500000 5.709000
141.500000 131.500000 154.500000 126.500000 5.745000
141.500000 131.500000 158.500000 127.500000 5.780000
142.500000 130.500000 156.500000 126.500000 5.812000
141.500000 131.500000 156.500000 126.500000 5.844000
141.500000 131.500000 156.500000 128.500000 5.879000
142.500000 132.500000 155.500000 127.500000 5.911000
141.500000 131.500000 155.500000 127.500000 5.943000
140.500000 131.500000 155.500000 127.500000 5.976000
143.500000 130.500000 155.500000 127.500000 6.009000
142.500000 130.500000 157.500000 127.500000 6.045000
142.500000 129.500000 157.500000 128.500000 6.085000
140.500000 129.500000 157.500000 128.500000 6.117000
143.500000 130.500000 157.500000 126.500000 6.151000
143.500000 131.500000 156.500000 128.500000 6.189000
141.500000 132.500000 157.500000 129.500000 6.229000
143.500000 132.500000 158.500000 130.500000 6.265000
143.500000 132.500000 159.500000 129.500000 6.305000
143.500000 132.500000 157.500000 129.500000 6.345000
142.500000 133.500000 156.500000 128.500000 6.384000
141.500000 132.500000 156.500000 127.500000 6.420000
143.500000 129.500000 158.500000 129.500000 6.472000
141.500000 130.500000 155.500000 128.500000 6.512000
143.500000 129.500000 157.500000 128.500000 6.552000
140.500000 131.500000 159.500000 128.500000 6.588000
141.500000 132.500000 156.500000 127.500000 6.627000
141.500000 130.500000 155.500000 126.500000 6.665000
142.500000 133.500000 156.500000 128.500000 6.700000
142.500000 133.500000 156.500000 127.500000 6.735000
141.500000 130.500000 157.500000 129.500000 6.771000
141.500000 131.500000 158.500000 128.500000 6.808000
142.500000 131.500000 155.500000 127.500000 6.847000
141.500000 130.500000 155.500000 128.500000 6.884000
143.500000 129.500000 155.500000 128.500000 6.919000
141.500000 130.500000 157.500000 128.500000 6.957000
141.500000 130.500000 157.500000 128.500000 6.996000
140.500000 131.500000 156.500000 126.500000 7.036000
141.500000 129.500000 158.500000 127.500000 7.072000
142.500000 128.500000 156.500000 127.500000 7.113000
140.500000 130.500000 156.500000 127.500000 7.150000
141.500000 129.500000 158.500000 124.500000 7.185000
141.500000 129.500000 156.500000 126.500000 7.221000
140.500000 131.500000 156.500000 127.500000 7.261000
141.500000 130.500000 158.500000 125.500000 7.303000
141.500000 129.500000 156.500000 126.500000 7.346000
143.500000 132.500000 156.500000 129.500000 7.386000
142.500000 130.500000 155.500000 127.500000 7.423000
141.500000 131.500000 157.500000 128.500000 7.459000
141.500000 130.500000 157.500000 127.500000 7.496000
141.500000 130.500000 157.500000 127.500000 7.538000
142.500000 130.500000 156.500000 129.500000 7.587000
142.500000 130.500000 158.500000 127.500000 7.623000
141.500000 130.500000 157.500000 127.500000 7.659000
141.500000 130.500000 157.500000 128.500000 7.695000
142.500000 130.500000 155.500000 126.500000 7.730000
142.500000 130.500000 156.500000 129.500000 7.767000
140.500000 131.500000 154.500000 130.500000 7.805000
141.500000 130.500000 156.500000 129.500000 7.844000
139.500000 132.500000 157.500000 127.500000 7.882000
140.500000 129.500000 157.500000 127.500000 7.921000
141.500000 132.500000 158.500000 127.500000 7.959000
142.500000 129.500000 158.500000 127.500000 7.998000
142.500000 131.500000 157.500000 128.500000 8.033000
140.500000 129.500000 157.500000 127.500000 8.070000
142.500000 130.500000 155.500000 129.500000 8.108000
140.500000 130.500000 156.500000 128.500000 8.148000
142.500000 130.500000 156.500000 128.500000 8.185000
142.500000 130.500000 156.500000 128.500000 8.229000
141.500000 131.500000 156.500000 128.500000 8.268000
139.500000 131.500000 156.500000 128.500000 8.305000
141.500000 131.500000 155.500000 126.500000 8.345000
141.500000 131.500000 155.500000 126.500000 8.380000
141.500000 131.500000 158.500000 125.500000 8.418000
140.500000 131.500000 157.500000 126.500000 8.456000
141.500000 129.500000 156.500000 125.500000 8.493000
141.500000 127.500000 156.500000 125.500000 8.528000
142.500000 126.500000 158.500000 124.500000 8.562000
141.500000 127.500000 155.500000 126.500000 8.597000
142.500000 127.500000 155.500000 125.500000 8.641000
142.500000 127.500000 156.500000 125.500000 8.676000
141.500000 127.500000 156.500000 124.500000 8.715000
143.500000 127.500000 155.500000 122.500000 8.754000
140.500000 125.500000 157.500000 123.500000 8.796000
140.500000 126.500000 154.500000 121.500000 8.831000
139.500000 128.500000 156.500000 121.500000 8.867000
142.500000 128.500000 157.500000 123.500000 8.902000
141.500000 125.500000 158.500000 120.500000 8.942000
141.500000 124.500000 155.500000 122.500000 8.976000
142.500000 126.500000 156.500000 121.500000 9.013000
143.500000 125.500000 157.500000 120.500000 9.049000
140.500000 124.500000 155.500000 120.500000 9.084000
140.500000 124.500000 157.500000 121.500000 9.125000
141.500000 124.500000 155.500000 120.500000 9.162000
142.500000 124.500000 156.500000 122.500000 9.196000
142.500000 124.500000 157.500000 120.500000 9.234000
141.500000 122.500000 155.500000 119.500000 9.273000
140.500000 123.500000 154.500000 119.500000 9.313000
141.500000 122.500000 158.500000 120.500000 9.349000
141.500000 122.500000 155.500000 118.500000 9.387000
140.500000 122.500000 156.500000 121.500000 9.431000
142.500000 121.500000 157.500000 118.500000 9.473000
142.500000 124.500000 155.500000 117.500000 9.525000
141.500000 123.500000 155.500000 117.500000 9.563000
140.500000 122.500000 156.500000 119.500000 9.598000
140.500000 121.500000 156.500000 119.500000 9.632000
141.500000 120.500000 156.500000 118.500000 9.666000
140.500000 121.500000 154.500000 118.500000 9.703000
142.500000 122.500000 155.500000 117.500000 9.741000
141.500000 122.500000 156.500000 117.500000 9.779000
140.500000 120.500000 154.500000 117.500000 9.819000
142.500000 119.500000 154.500000 117.500000 9.859000
141.500000 119.500000 155.500000 117.500000 9.901000
142.500000 121.500000 154.500000 117.500000 9.939000
141.500000 119.500000 155.500000 116.500000 9.977000
141.500000 119.500000 154.500000 116.500000 10.018000
142.500000 119.500000 156.500000 117.500000 10.058000
141.500000 118.500000 154.500000 114.500000 10.099000
141.500000 118.500000 155.500000 115.500000 10.139000
142.500000 120.500000 154.500000 114.500000 10.182000
142.500000 118.500000 156.500000 114.500000 10.219000
142.500000 118.500000 154.500000 114.500000 10.258000
141.500000 117.500000 152.500000 115.500000 10.295000
141.500000 117.500000 156.500000 113.500000 10.339000
141.500000 120.500000 155.500000 113.500000 10.379000
139.500000 119.500000 155.500000 113.500000 10.421000
142.500000 118.500000 155.500000 114.500000 10.458000
139.500000 117.500000 155.500000 114.500000 10.496000
142.500000 118.500000 155.500000 114.500000 10.533000
141.500000 117.500000 152.500000 115.500000 10.571000
142.500000 120.500000 154.500000 115.500000 10.610000
143.500000 120.500000 158.500000 115.500000 10.650000
143.500000 119.500000 154.500000 115.500000 10.687000
141.500000 120.500000 158.500000 115.500000 10.728000
141.500000 120.500000 157.500000 115.500000 10.764000
141.500000 120.500000 153.500000 113.500000 10.803000
141.500000 120.500000 153.500000 113.500000 10.843000
140.500000 117.500000 156.500000 114.500000 10.880000
139.500000 117.500000 156.500000 114.500000 10.911000
142.500000 117.500000 153.500000 113.500000 10.947000
142.500000 120.500000 157.500000 117.500000 10.982000
142.500000 118.500000 154.500000 114.500000 11.019000
141.500000 118.500000 155.500000 114.500000 11.060000
143.500000 120.500000 156.500000 114.500000 11.095000
141.500000 119.500000 156.500000 113.500000 11.129000
141.500000 119.500000 156.500000 115.500000 11.163000
141.500000 119.500000 156.500000 115.500000 11.198000
141.500000 119.500000 155.500000 115.500000 11.239000
142.500000 119.500000 154.500000 115.500000 11.279000
141.500000 119.500000 154.500000 115.500000 11.319000
142.500000 117.500000 156.500000 115.500000 11.357000
142.500000 119.500000 156.500000 114.500000 11.396000
140.500000 117.500000 156.500000 114.500000 11.435000
140.500000 120.500000 155.500000 114.500000 11.468000
142.500000 119.500000 154.500000 115.500000 11.512000
142.500000 118.500000 154.500000 115.500000 11.543000
142.500000 118.500000 155.500000 113.500000 11.574000
143.500000 118.500000 155.500000 114.500000 11.608000
141.500000 118.500000 156.500000 115.500000 11.639000
141.500000 118.500000 156.500000 113.500000 11.677000
141.500000 118.500000 155.500000 116.500000 11.717000
141.500000 118.500000 154.500000 116.500000 11.757000
143.500000 119.500000 156.500000 115.500000 11.798000
143.500000 119.500000 155.500000 114.500000 11.839000
142.500000 118.500000 156.500000 114.500000 11.875000
143.500000 118.500000 155.500000 114.500000 11.912000
142.500000 118.500000 155.500000 115.500000 11.947000
142.500000 118.500000 155.500000 115.500000 11.985000
143.500000 119.500000 154.500000 114.500000 12.019000
143.500000 119.500000 155.500000 115.500000 12.057000
142.500000 119.500000 157.500000 116.500000 12.093000
142.500000 118.500000 153.500000 114.500000 12.131000
142.500000 119.500000 154.500000 116.500000 12.169000
142.500000 119.500000 155.500000 115.500000 12.208000
142.500000 119.500000 156.500000 115.500000 12.248000
142.500000 119.500000 154.500000 115.500000 12.285000
142.500000 118.500000 156.500000 114.500000 12.320000
143.500000 118.500000 156.500000 114.500000 12.352000
142.500000 119.500000 155.500000 114.500000 12.384000
142.500000 119.500000 155.500000 116.500000 12.415000
142.500000 119.500000 154.500000 115.500000 12.451000
142.500000 119.500000 155.500000 113.500000 12.505000
142.500000 119.500000 155.500000 114.500000 12.541000
142.500000 119.500000 155.500000 114.500000 12.578000
142.500000 119.500000 154.500000 115.500000 12.618000
141.500000 120.500000 154.500000 115.500000 12.652000
140.500000 118.500000 154.500000 115.500000 12.689000
140.500000 118.500000 155.500000 113.500000 12.726000
140.500000 118.500000 156.500000 114.500000 12.766000
141.500000 119.500000 155.500000 113.500000 12.801000
143.500000 119.500000 154.500000 115.500000 12.836000
141.500000 120.500000 156.500000 114.500000 12.870000
142.500000 119.500000 156.500000 114.500000 12.924000
142.500000 119.500000 154.500000 113.500000 12.963000
142.500000 119.500000 156.500000 115.500000 12.999000
141.500000 120.500000 155.500000 113.500000 13.036000
141.500000 118.500000 154.500000 113.500000 13.075000
140.500000 118.500000 154.500000 113.500000 13.110000
144.500000 120.500000 154.500000 115.500000 13.148000
143.500000 119.500000 153.500000 116.500000 13.184000
140.500000 118.500000 154.500000 115.500000 13.219000
142.500000 119.500000 154.500000 115.500000 13.254000
140.500000 118.500000 156.500000 115.500000 13.291000
142.500000 118.500000 155.500000 115.500000 13.331000
142.500000 118.500000 155.500000 114.500000 13.367000
141.500000 118.500000 156.500000 114.500000 13.402000
142.500000 118.500000 156.500000 114.500000 13.440000
140.500000 120.500000 154.500000 115.500000 13.478000
140.500000 120.500000 156.500000 114.500000 13.538000
140.500000 120.500000 155.500000 114.500000 13.578000
140.500000 119.500000 156.500000 115.500000 13.623000
143.500000 118.500000 154.500000 116.500000 13.662000
141.500000 121.500000 155.500000 114.500000 13.702000
140.500000 119.500000 157.500000 116.500000 13.740000
140.500000 119.500000 157.500000 116.500000 13.777000
140.500000 119.500000 155.500000 115.500000 13.815000
140.500000 119.500000 155.500000 115.500000 13.852000
144.500000 119.500000 156.500000 114.500000 13.894000
142.500000 118.500000 155.500000 115.500000 13.930000
141.500000 121.500000 155.500000 115.500000 13.972000
142.500000 118.500000 156.500000 114.500000 14.012000
141.500000 119.500000 154.500000 113.500000 14.051000
144.500000 120.500000 156.500000 114.500000 14.089000
142.500000 119.500000 155.500000 115.500000 14.131000
141.500000 119.500000 153.500000 115.500000 14.172000
141.500000 120.500000 154.500000 115.500000 14.210000
142.500000 119.500000 154.500000 116.500000 14.251000
142.500000 119.500000 154.500000 116.500000 14.292000
141.500000 120.500000 153.500000 118.500000 14.333000
141.500000 120.500000 156.500000 115.500000 14.369000
140.500000 120.500000 154.500000 115.500000 14.401000
141.500000 120.500000 154.500000 115.500000 14.438000
140.500000 120.500000 156.500000 115.500000 14.472000
140.500000 120.500000 156.500000 115.500000 14.507000
141.500000 120.500000 154.500000 115.500000 14.545000
142.500000 119.500000 154.500000 117.500000 14.582000
142.500000 119.500000 154.500000 117.500000 14.619000
143.500000 120.500000 156.500000 115.500000 14.657000
142.500000 119.500000 157.500000 118.500000 14.699000
142.500000 119.500000 156.500000 115.500000 14.741000
141.500000 121.500000 156.500000 115.500000 14.778000
141.500000 121.500000 156.500000 115.500000 14.819000
143.500000 121.500000 156.500000 115.500000 14.861000
141.500000 121.500000 155.500000 116.500000 14.902000
142.500000 119.500000 157.500000 117.500000 14.944000
142.500000 119.500000 158.500000 114.500000 14.980000
143.500000 120.500000 156.500000 115.500000 15.021000
141.500000 121.500000 154.500000 117.500000 15.061000
142.500000 121.500000 154.500000 114.500000 15.099000
141.500000 120.500000 156.500000 118.500000 15.141000
142.500000 121.500000 159.500000 115.500000 15.177000
142.500000 119.500000 154.500000 116.500000 15.214000
142.500000 121.500000 157.500000 117.500000 15.251000
142.500000 120.500000 156.500000 116.500000 15.285000
141.500000 120.500000 158.500000 117.500000 15.320000
142.500000 119.500000 158.500000 117.500000 15.360000
143.500000 120.500000 157.500000 115.500000 15.395000
143.500000 120.500000 157.500000 115.500000 15.431000
143.500000 119.500000 155.500000 116.500000 15.471000
143.500000 119.500000 157.500000 116.500000 15.509000
144.500000 120.500000 159.500000 117.500000 15.546000
143.500000 122.500000 160.500000 116.500000 15.586000
144.500000 121.500000 160.500000 118.500000 15.627000
146.500000 122.500000 158.500000 118.500000 15.680000
146.500000 123.500000 159.500000 118.500000 15.719000
145.500000 123.500000 158.500000 120.500000 15.760000
146.500000 124.500000 161.500000 119.500000 15.802000
147.500000 123.500000 162.500000 120.500000 15.840000
147.500000 125.500000 162.500000 121.500000 15.879000
147.500000 125.500000 162.500000 120.500000 15.917000
149.500000 125.500000 161.500000 122.500000 15.960000
149.500000 124.500000 163.500000 121.500000 16.001000
149.500000 125.500000 164.500000 123.500000 16.040000
148.500000 125.500000 163.500000 123.500000 16.079000
149.500000 125.500000 164.500000 121.500000 16.118000
150.500000 124.500000 164.500000 121.500000 16.163000
149.500000 124.500000 163.500000 123.500000 16.199000
151.500000 128.500000 165.500000 122.500000 16.234000
151.500000 126.500000 166.500000 125.500000 16.275000
150.500000 126.500000 165.500000 122.500000 16.310000
150.500000 125.500000 164.500000 122.500000 16.350000
152.500000 129.500000 165.500000 125.500000 16.390000
151.500000 129.500000 166.500000 124.500000 16.426000
152.500000 126.500000 165.500000 125.500000 16.460000
153.500000 130.500000 167.500000 126.500000 16.494000
151.500000 129.500000 167.500000 125.500000 16.530000
153.500000 127.500000 166.500000 126.500000 16.568000
153.500000 127.500000 169.500000 127.500000 16.602000
154.500000 128.500000 167.500000 126.500000 16.641000
153.500000 130.500000 168.500000 125.500000 16.679000
153.500000 130.500000 168.500000 126.500000 16.720000
153.500000 130.500000 167.500000 125.500000 16.759000
153.500000 128.500000 170.500000 128.500000 16.795000
155.500000 129.500000 167.500000 124.500000 16.833000
154.500000 131.500000 170.500000 127.500000 16.874000
154.500000 130.500000 169.500000 126.500000 16.906000
156.500000 129.500000 171.500000 126.500000 16.953000
156.500000 131.500000 169.500000 125.500000 16.988000
155.500000 130.500000 170.500000 128.500000 17.025000
156.500000 130.500000 170.500000 128.500000 17.062000
156.500000 131.500000 171.500000 127.500000 17.100000
156.500000 130.500000 170.500000 127.500000 17.136000
157.500000 133.500000 171.500000 128.500000 17.174000
155.500000 131.500000 173.500000 129.500000 17.211000
157.500000 134.500000 173.500000 129.500000 17.250000
158.500000 134.500000 173.500000 129.500000 17.289000
158.500000 134.500000 172.500000 130.500000 17.335000
159.500000 133.500000 173.500000 131.500000 17.377000
158.500000 134.500000 171.500000 131.500000 17.419000
157.500000 133.500000 174.500000 130.500000 17.458000
157.500000 133.500000 172.500000 130.500000 17.494000
159.500000 133.500000 173.500000 131.500000 17.529000
157.500000 132.500000 173.500000 130.500000 17.566000
157.500000 133.500000 173.500000 130.500000 17.604000
159.500000 133.500000 174.500000 131.500000 17.642000
156.500000 133.500000 172.500000 127.500000 17.679000
155.500000 132.500000 174.500000 127.500000 17.715000
-1.000000 -1.000000 -1.000000 -1.000000 17.753000
-1.000000 -1.000000 -1.000000 -1.000000 17.791000
-1.000000 -1.000000 -1.000000 -1.000000 17.831000
-1.000000 -1.000000 -1.000000 -1.000000 17.869000
-1.000000 -1.000000 -1.000000 -1.000000 17.907000
94.500000 186.500000 236.500000 158.500000 17.944000
91.500000 182.500000 199.500000 182.500000 17.985000
-1.000000 -1.000000 -1.000000 -1.000000 18.036000
87.500000 189.500000 204.500000 180.500000 18.077000
-1.000000 -1.000000 -1.000000 -1.000000 18.114000
-1.000000 -1.000000 -1.000000 -1.000000 18.151000
-1.000000 -1.000000 -1.000000 -1.000000 18.184000
-1.000000 -1.000000 -1.000000 -1.000000 18.221000
88.500000 187.500000 74.500000 55.500000 18.258000
-1.000000 -1.000000 -1.000000 -1.000000 18.301000
64.500000 158.500000 212.500000 180.500000 18.336000
-1.000000 -1.000000 -1.000000 -1.000000 18.370000
-1.000000 -1.000000 -1.000000 -1.000000 18.410000
-1.000000 -1.000000 -1.000000 -1.000000 18.443000
96.500000 187.500000 187.500000 162.500000 18.473000
83.500000 186.500000 206.500000 184.500000 18.505000
-1.000000 -1.000000 -1.000000 -1.000000 18.540000
-1.000000 -1.000000 -1.000000 -1.000000 18.573000
-1.000000 -1.000000 -1.000000 -1.000000 18.613000
-1.000000 -1.000000 -1.000000 -1.000000 18.648000
-1.000000 -1.000000 -1.000000 -1.000000 18.682000
-1.000000 -1.000000 -1.000000 -1.000000 18.721000
-1.000000 -1.000000 -1.000000 -1.000000 18.758000
-1.000000 -1.000000 -1.000000 -1.000000 18.794000
64.500000 158.500000 212.500000 180.500000 18.830000
-1.000000 -1.000000 -1.000000 -1.000000 18.864000
-1.000000 -1.000000 -1.000000 -1.000000 18.901000
82.500000 183.500000 214.500000 182.500000 18.936000
122.500000 162.500000 216.500000 184.500000 18.974000
-1.000000 -1.000000 -1.000000 -1.000000 19.013000
81.500000 184.500000 213.500000 181.500000 19.050000
-1.000000 -1.000000 -1.000000 -1.000000 19.080000
-1.000000 -1.000000 -1.000000 -1.000000 19.118000
-1.000000 -1.000000 -1.000000 -1.000000 19.159000
-1.000000 -1.000000 -1.000000 -1.000000 19.194000
-1.000000 -1.000000 -1.000000 -1.000000 19.228000
-1.000000 -1.000000 -1.000000 -1.000000 19.262000
-1.000000 -1.000000 -1.000000 -1.000000 19.303000
-1.000000 -1.000000 -1.000000 -1.000000 19.347000
81.500000 186.500000 181.500000 178.500000 19.388000
-1.000000 -1.000000 -1.000000 -1.000000 19.424000
65.500000 159.500000 210.500000 183.500000 19.458000
-1.000000 -1.000000 -1.000000 -1.000000 19.496000
131.500000 171.500000 208.500000 180.500000 19.534000
-1.000000 -1.000000 -1.000000 -1.000000 19.568000
88.500000 192.500000 209.500000 182.500000 19.606000
-1.000000 -1.000000 -1.000000 -1.000000 19.644000
148.500000 131.500000 196.500000 142.500000 19.681000
148.500000 131.500000 167.500000 126.500000 19.728000
151.500000 129.500000 170.500000 126.500000 19.764000
149.500000 127.500000 169.500000 125.500000 19.804000
149.500000 129.500000 167.500000 126.500000 19.840000
157.500000 130.500000 173.500000 128.500000 19.876000
155.500000 132.500000 173.500000 127.500000 19.912000
157.500000 128.500000 172.500000 127.500000 19.943000
158.500000 131.500000 172.500000 128.500000 19.992000
155.500000 131.500000 172.500000 129.500000 20.036000
157.500000 130.500000 172.500000 129.500000 20.073000
155.500000 130.500000 172.500000 126.500000 20.115000
157.500000 131.500000 171.500000 127.500000 20.158000
157.500000 133.500000 171.500000 128.500000 20.197000
156.500000 132.500000 171.500000 129.500000 20.238000
156.500000 134.500000 173.500000 128.500000 20.278000
156.500000 131.500000 174.500000 129.500000 20.320000
157.500000 130.500000 173.500000 127.500000 20.357000
155.500000 131.500000 171.500000 125.500000 20.399000
157.500000 132.500000 173.500000 129.500000 20.437000
156.500000 130.500000 172.500000 126.500000 20.476000
156.500000 130.500000 174.500000 128.500000 20.521000
157.500000 129.500000 173.500000 129.500000 20.555000
157.500000 129.500000 173.500000 129.500000 20.592000
157.500000 129.500000 173.500000 129.500000 20.628000
156.500000 130.500000 173.500000 129.500000 20.668000
156.500000 130.500000 172.500000 126.500000 20.709000
156.500000 130.500000 173.500000 129.500000 20.755000
157.500000 132.500000 173.500000 128.500000 20.798000
157.500000 131.500000 173.500000 127.500000 20.841000
157.500000 130.500000 172.500000 126.500000 20.879000
156.500000 131.500000 173.500000 127.500000 20.913000
156.500000 131.500000 173.500000 128.500000 20.949000
158.500000 130.500000 173.500000 128.500000 20.989000
158.500000 131.500000 173.500000 128.500000 21.035000
158.500000 130.500000 173.500000 128.500000 21.074000
156.500000 132.500000 173.500000 128.500000 21.109000
156.500000 132.500000 173.500000 128.500000 21.168000
158.500000 133.500000 173.500000 128.500000 21.211000
156.500000 132.500000 173.500000 128.500000 21.253000
157.500000 132.500000 173.500000 128.500000 21.289000
155.500000 131.500000 173.500000 128.500000 21.322000
158.500000 129.500000 173.500000 128.500000 21.358000
158.500000 129.500000 173.500000 128.500000 21.395000
155.500000 131.500000 173.500000 128.500000 21.431000
156.500000 132.500000 173.500000 128.500000 21.468000
156.500000 132.500000 173.500000 128.500000 21.503000
156.500000 132.500000 171.500000 127.500000 21.539000
157.500000 130.500000 170.500000 126.500000 21.579000
156.500000 132.500000 174.500000 128.500000 21.618000
159.500000 129.500000 172.500000 127.500000 21.655000
158.500000 130.500000 173.500000 129.500000 21.691000
156.500000 133.500000 172.500000 127.500000 21.724000
156.500000 133.500000 172.500000 128.500000 21.768000
155.500000 132.500000 173.500000 127.500000 21.806000
157.500000 131.500000 172.500000 126.500000 21.844000
157.500000 129.500000 173.500000 127.500000 21.884000
156.500000 131.500000 173.500000 130.500000 21.920000
156.500000 134.500000 173.500000 128.500000 21.957000
157.500000 129.500000 174.500000 127.500000 21.998000
157.500000 129.500000 171.500000 126.500000 22.031000
155.500000 133.500000 171.500000 126.500000 22.065000
158.500000 129.500000 171.500000 126.500000 22.103000
157.500000 132.500000 173.500000 130.500000 22.139000
157.500000 131.500000 173.500000 128.500000 22.176000
158.500000 131.500000 172.500000 128.500000 22.213000
155.500000 134.500000 174.500000 129.500000 22.253000
156.500000 132.500000 171.500000 129.500000 22.299000
155.500000 134.500000 171.500000 129.500000 22.344000
155.500000 134.500000 170.500000 128.500000 22.378000
155.500000 135.500000 172.500000 128.500000 22.418000
156.500000 131.500000 171.500000 127.500000 22.457000
154.500000 132.500000 170.500000 131.500000 22.494000
153.500000 134.500000 168.500000 128.500000 22.526000
154.500000 135.500000 169.500000 131.500000 22.567000
154.500000 134.500000 168.500000 131.500000 22.604000
153.500000 133.500000 169.500000 131.500000 22.644000
153.500000 134.500000 169.500000 132.500000 22.682000
150.500000 132.500000 168.500000 131.500000 22.733000
146.500000 129.500000 224.500000 156.500000 22.770000
-1.000000 -1.000000 -1.000000 -1.000000 22.807000
-1.000000 -1.000000 -1.000000 -1.000000 22.844000
-1.000000 -1.000000 -1.000000 -1.000000 22.887000
91.500000 184.500000 214.500000 182.500000 22.929000
-1.000000 -1.000000 -1.000000 -1.000000 22.970000
128.500000 164.500000 238.500000 153.500000 23.008000
-1.000000 -1.000000 -1.000000 -1.000000 23.045000
-1.000000 -1.000000 -1.000000 -1.000000 23.083000
-1.000000 -1.000000 -1.000000 -1.000000 23.120000
127.500000 164.500000 207.500000 184.500000 23.162000
-1.000000 -1.000000 -1.000000 -1.000000 23.202000
-1.000000 -1.000000 -1.000000 -1.000000 23.241000
-1.000000 -1.000000 -1.000000 -1.000000 23.288000
-1.000000 -1.000000 -1.000000 -1.000000 23.328000
-1.000000 -1.000000 -1.000000 -1.000000 23.364000
-1.000000 -1.000000 -1.000000 -1.000000 23.394000
91.500000 181.500000 206.500000 186.500000 23.435000
103.500000 185.500000 203.500000 181.500000 23.473000
104.500000 186.500000 218.500000 53.500000 23.503000
101.500000 185.500000 74.500000 55.500000 23.540000
-1.000000 -1.000000 -1.000000 -1.000000 23.578000
-1.000000 -1.000000 -1.000000 -1.000000 23.615000
-1.000000 -1.000000 -1.000000 -1.000000 23.652000
82.500000 176.500000 207.500000 179.500000 23.685000
-1.000000 -1.000000 -1.000000 -1.000000 23.721000
-1.000000 -1.000000 -1.000000 -1.000000 23.754000
-1.000000 -1.000000 -1.000000 -1.000000 23.791000
-1.000000 -1.000000 -1.000000 -1.000000 23.825000
-1.000000 -1.000000 -1.000000 -1.000000 23.859000
-1.000000 -1.000000 -1.000000 -1.000000 23.901000
-1.000000 -1.000000 -1.000000 -1.000000 23.938000
90.500000 183.500000 215.500000 183.500000 23.969000
87.500000 192.500000 207.500000 179.500000 24.014000
-1.000000 -1.000000 -1.000000 -1.000000 24.049000
-1.000000 -1.000000 -1.000000 -1.000000 24.084000
-1.000000 -1.000000 -1.000000 -1.000000 24.126000
-1.000000 -1.000000 -1.000000 -1.000000 24.160000
129.500000 170.500000 206.500000 182.500000 24.196000
86.500000 188.500000 207.500000 185.500000 24.233000
-1.000000 -1.000000 -1.000000 -1.000000 24.262000
-1.000000 -1.000000 -1.000000 -1.000000 24.293000
-1.000000 -1.000000 -1.000000 -1.000000 24.328000
-1.000000 -1.000000 -1.000000 -1.000000 24.363000
-1.000000 -1.000000 -1.000000 -1.000000 24.403000
-1.000000 -1.000000 -1.000000 -1.000000 24.440000
-1.000000 -1.000000 -1.000000 -1.000000 24.473000
-1.000000 -1.000000 -1.000000 -1.000000 24.533000
-1.000000 -1.000000 -1.000000 -1.000000 24.567000
92.500000 189.500000 208.500000 180.500000 24.610000
96.500000 183.500000 210.500000 191.500000 24.650000
143.500000 170.500000 149.500000 169.500000 24.680000
-1.000000 -1.000000 -1.000000 -1.000000 24.725000
93.500000 191.500000 172.500000 177.500000 24.758000
-1.000000 -1.000000 -1.000000 -1.000000 24.790000
-1.000000 -1.000000 -1.000000 -1.000000 24.823000
-1.000000 -1.000000 -1.000000 -1.000000 24.857000
138.500000 146.500000 203.500000 165.500000 24.899000
137.500000 144.500000 159.500000 140.500000 24.942000
138.500000 142.500000 156.500000 140.500000 24.975000
141.500000 141.500000 156.500000 138.500000 25.011000
138.500000 140.500000 155.500000 137.500000 25.049000
137.500000 140.500000 155.500000 138.500000 25.088000
138.500000 140.500000 155.500000 138.500000 25.128000
141.500000 141.500000 157.500000 139.500000 25.163000
140.500000 144.500000 159.500000 142.500000 25.206000
140.500000 144.500000 158.500000 143.500000 25.241000
140.500000 144.500000 156.500000 142.500000 25.275000
140.500000 144.500000 159.500000 141.500000 25.318000
141.500000 144.500000 159.500000 141.500000 25.359000
140.500000 142.500000 159.500000 141.500000 25.398000
141.500000 146.500000 159.500000 143.500000 25.433000
141.500000 144.500000 158.500000 145.500000 25.471000
141.500000 143.500000 157.500000 143.500000 25.515000
141.500000 145.500000 158.500000 144.500000 25.555000
141.500000 144.500000 158.500000 141.500000 25.595000
141.500000 144.500000 159.500000 142.500000 25.648000
141.500000 143.500000 158.500000 141.500000 25.689000
141.500000 143.500000 158.500000 142.500000 25.746000
141.500000 143.500000 157.500000 144.500000 25.783000
140.500000 144.500000 156.500000 138.500000 25.819000
139.500000 143.500000 155.500000 140.500000 25.857000
140.500000 142.500000 156.500000 142.500000 25.899000
142.500000 143.500000 156.500000 142.500000 25.937000
139.500000 141.500000 155.500000 140.500000 25.975000
141.500000 145.500000 155.500000 140.500000 26.016000
139.500000 140.500000 155.500000 140.500000 26.052000
142.500000 142.500000 156.500000 142.500000 26.095000
140.500000 140.500000 157.500000 143.500000 26.130000
140.500000 141.500000 155.500000 140.500000 26.172000
140.500000 141.500000 157.500000 143.500000 26.214000
140.500000 144.500000 158.500000 141.500000 26.247000
140.500000 146.500000 156.500000 142.500000 26.282000
140.500000 144.500000 158.500000 141.500000 26.324000
139.500000 145.500000 157.500000 142.500000 26.369000
139.500000 145.500000 156.500000 140.500000 26.406000
139.500000 143.500000 156.500000 143.500000 26.464000
140.500000 140.500000 158.500000 139.500000 26.502000
141.500000 144.500000 156.500000 138.500000 26.546000
140.500000 145.500000 156.500000 143.500000 26.583000
141.500000 143.500000 157.500000 141.500000 26.618000
140.500000 146.500000 156.500000 144.500000 26.648000
139.500000 144.500000 157.500000 139.500000 26.685000
140.500000 146.500000 156.500000 137.500000 26.720000
141.500000 141.500000 157.500000 136.500000 26.762000
141.500000 141.500000 158.500000 139.500000 26.806000
141.500000 141.500000 158.500000 138.500000 26.846000
140.500000 146.500000 158.500000 138.500000 26.887000
142.500000 143.500000 156.500000 141.500000 26.925000
140.500000 146.500000 157.500000 141.500000 26.962000
139.500000 145.500000 157.500000 142.500000 26.994000
138.500000 143.500000 159.500000 139.500000 27.029000
140.500000 142.500000 156.500000 144.500000 27.068000
140.500000 142.500000 158.500000 141.500000 27.116000
141.500000 144.500000 156.500000 137.500000 27.168000
140.500000 139.500000 155.500000 140.500000 27.211000
141.500000 141.500000 158.500000 142.500000 27.248000
140.500000 146.500000 158.500000 142.500000 27.288000
140.500000 143.500000 158.500000 140.500000 27.329000
137.500000 142.500000 158.500000 138.500000 27.371000
142.500000 143.500000 154.500000 138.500000 27.402000
138.500000 143.500000 157.500000 142.500000 27.440000
140.500000 146.500000 156.500000 141.500000 27.477000
141.500000 145.500000 156.500000 141.500000 27.516000
138.500000 143.500000 156.500000 141.500000 27.552000
138.500000 140.500000 156.500000 141.500000 27.586000
140.500000 146.500000 158.500000 142.500000 27.620000
141.500000 145.500000 158.500000 142.500000 27.656000
139.500000 141.500000 158.500000 141.500000 27.697000
140.500000 142.500000 157.500000 142.500000 27.732000
140.500000 142.500000 158.500000 144.500000 27.768000
141.500000 143.500000 157.500000 143.500000 27.814000
140.500000 142.500000 156.500000 137.500000 27.857000
140.500000 142.500000 155.500000 138.500000 27.900000
140.500000 142.500000 158.500000 138.500000 27.934000
140.500000 142.500000 158.500000 144.500000 27.981000
142.500000 143.500000 155.500000 142.500000 28.017000
141.500000 145.500000 155.500000 141.500000 28.067000
142.500000 144.500000 155.500000 141.500000 28.111000
142.500000 144.500000 157.500000 143.500000 28.160000
141.500000 145.500000 156.500000 136.500000 28.202000
142.500000 143.500000 158.500000 142.500000 28.238000
140.500000 144.500000 157.500000 143.500000 28.274000
140.500000 144.500000 158.500000 140.500000 28.321000
140.500000 142.500000 157.500000 139.500000 28.380000
138.500000 143.500000 157.500000 143.500000 28.432000
140.500000 145.500000 157.500000 141.500000 28.466000
139.500000 143.500000 159.500000 142.500000 28.498000
141.500000 142.500000 158.500000 137.500000 28.532000
140.500000 143.500000 158.500000 142.500000 28.569000
139.500000 143.500000 157.500000 143.500000 28.609000
139.500000 143.500000 155.500000 141.500000 28.649000
139.500000 141.500000 155.500000 142.500000 28.687000
141.500000 143.500000 158.500000 139.500000 28.732000
139.500000 141.500000 158.500000 138.500000 28.772000
140.500000 144.500000 158.500000 138.500000 28.812000
141.500000 142.500000 158.500000 138.500000 28.849000
139.500000 143.500000 156.500000 142.500000 28.886000
140.500000 142.500000 156.500000 140.500000 28.927000
140.500000 142.500000 155.500000 138.500000 28.970000
139.500000 142.500000 158.500000 137.500000 29.012000
139.500000 142.500000 157.500000 140.500000 29.044000
139.500000 142.500000 156.500000 139.500000 29.081000
140.500000 142.500000 156.500000 140.500000 29.119000
140.500000 141.500000 158.500000 140.500000 29.149000
140.500000 145.500000 158.500000 140.500000 29.179000
141.500000 143.500000 154.500000 140.500000 29.214000
139.500000 141.500000 157.500000 140.500000 29.251000
140.500000 144.500000 156.500000 136.500000 29.287000
138.500000 143.500000 157.500000 140.500000 29.324000
140.500000 143.500000 157.500000 139.500000 29.362000
139.500000 140.500000 158.500000 139.500000 29.400000
140.500000 142.500000 157.500000 141.500000 29.441000
137.500000 141.500000 152.500000 139.500000 29.487000
136.500000 140.500000 152.500000 137.500000 29.548000
137.500000 142.500000 151.500000 139.500000 29.610000
136.500000 142.500000 153.500000 137.500000 29.660000
137.500000 137.500000 152.500000 136.500000 29.713000
136.500000 139.500000 151.500000 134.500000 29.752000
135.500000 138.500000 150.500000 136.500000 29.795000
135.500000 139.500000 151.500000 135.500000 29.842000
134.500000 138.500000 150.500000 133.500000 29.880000
134.500000 137.500000 150.500000 135.500000 29.921000
133.500000 139.500000 150.500000 136.500000 29.958000
132.500000 138.500000 148.500000 134.500000 29.998000
134.500000 137.500000 149.500000 133.500000 30.050000
133.500000 135.500000 149.500000 133.500000 30.092000
133.500000 138.500000 150.500000 133.500000 30.141000
133.500000 136.500000 148.500000 135.500000 30.182000
131.500000 137.500000 146.500000 132.500000 30.229000
131.500000 133.500000 147.500000 134.500000 30.271000
130.500000 136.500000 146.500000 133.500000 30.311000
130.500000 135.500000 147.500000 133.500000 30.349000
130.500000 135.500000 145.500000 132.500000 30.403000
130.500000 135.500000 146.500000 132.500000 30.449000
131.500000 135.500000 145.500000 131.500000 30.493000
130.500000 136.500000 147.500000 133.500000 30.540000
130.500000 136.500000 148.500000 133.500000 30.582000
130.500000 136.500000 146.500000 132.500000 30.616000
130.500000 136.500000 145.500000 131.500000 30.647000
133.500000 134.500000 145.500000 132.500000 30.680000
130.500000 136.500000 146.500000 132.500000 30.711000
129.500000 135.500000 145.500000 132.500000 30.756000
130.500000 133.500000 145.500000 132.500000 30.795000
129.500000 135.500000 145.500000 132.500000 30.833000
129.500000 135.500000 146.500000 132.500000 30.871000
129.500000 135.500000 145.500000 131.500000 30.913000
131.500000 134.500000 144.500000 131.500000 30.954000
131.500000 135.500000 147.500000 133.500000 30.995000
131.500000 135.500000 147.500000 133.500000 31.031000
131.500000 135.500000 148.500000 132.500000 31.067000
131.500000 132.500000 147.500000 133.500000 31.107000
131.500000 135.500000 146.500000 129.500000 31.145000
129.500000 132.500000 144.500000 128.500000 31.187000
129.500000 131.500000 144.500000 132.500000 31.230000
130.500000 132.500000 146.500000 130.500000 31.270000
131.500000 132.500000 146.500000 130.500000 31.311000
131.500000 132.500000 145.500000 131.500000 31.361000
128.500000 132.500000 143.500000 129.500000 31.403000
129.500000 131.500000 145.500000 131.500000 31.446000
129.500000 132.500000 143.500000 129.500000 31.481000
128.500000 133.500000 143.500000 129.500000 31.528000
128.500000 133.500000 145.500000 128.500000 31.569000
129.500000 134.500000 143.500000 129.500000 31.613000
130.500000 133.500000 144.500000 130.500000 31.650000
129.500000 134.500000 144.500000 129.500000 31.686000
129.500000 133.500000 145.500000 131.500000 31.727000
127.500000 134.500000 145.500000 129.500000 31.766000
128.500000 133.500000 146.500000 129.500000 31.841000
128.500000 133.500000 143.500000 132.500000 31.892000
129.500000 134.500000 144.500000 133.500000 31.928000
131.500000 134.500000 143.500000 130.500000 31.964000
128.500000 137.500000 146.500000 135.500000 32.004000
129.500000 137.500000 145.500000 131.500000 32.038000
130.500000 137.500000 146.500000 134.500000 32.074000
129.500000 138.500000 145.500000 133.500000 32.110000
130.500000 137.500000 146.500000 135.500000 32.150000
131.500000 137.500000 145.500000 134.500000 32.187000
129.500000 137.500000 147.500000 131.500000 32.225000
129.500000 137.500000 145.500000 133.500000 32.261000
131.500000 134.500000 146.500000 134.500000 32.303000
130.500000 137.500000 146.500000 133.500000 32.349000
128.500000 135.500000 145.500000 134.500000 32.383000
129.500000 135.500000 147.500000 132.500000 32.422000
129.500000 133.500000 143.500000 130.500000 32.457000
129.500000 135.500000 146.500000 130.500000 32.494000
128.500000 135.500000 145.500000 133.500000 32.526000
130.500000 134.500000 145.500000 133.500000 32.561000
131.500000 134.500000 146.500000 132.500000 32.597000
131.500000 134.500000 148.500000 133.500000 32.633000
129.500000 133.500000 146.500000 132.500000 32.674000
130.500000 134.500000 145.500000 133.500000 32.714000
130.500000 134.500000 145.500000 133.500000 32.760000
129.500000 134.500000 146.500000 132.500000 32.801000
130.500000 134.500000 146.500000 132.500000 32.847000
128.500000 134.500000 144.500000 132.500000 32.883000
129.500000 134.500000 144.500000 131.500000 32.922000
128.500000 134.500000 144.500000 133.500000 32.961000
129.500000 134.500000 145.500000 129.500000 33.003000
128.500000 134.500000 145.500000 131.500000 33.044000
127.500000 136.500000 146.500000 132.500000 33.081000
129.500000 134.500000 146.500000 132.500000 33.119000
129.500000 134.500000 146.500000 132.500000 33.153000
130.500000 133.500000 144.500000 131.500000 33.183000
130.500000 133.500000 145.500000 129.500000 33.222000
129.500000 134.500000 146.500000 132.500000 33.261000
129.500000 134.500000 146.500000 132.500000 33.301000
129.500000 134.500000 143.500000 129.500000 33.339000
129.500000 134.500000 144.500000 130.500000 33.381000
130.500000 133.500000 144.500000 130.500000 33.427000
128.500000 135.500000 145.500000 132.500000 33.471000
129.500000 134.500000 147.500000 130.500000 33.510000
128.500000 135.500000 144.500000 131.500000 33.548000
128.500000 134.500000 144.500000 131.500000 33.584000
128.500000 135.500000 144.500000 132.500000 33.618000
127.500000 135.500000 144.500000 129.500000 33.657000
128.500000 135.500000 144.500000 131.500000 33.697000
130.500000 134.500000 146.500000 132.500000 33.735000
128.500000 135.500000 144.500000 131.500000 33.772000
128.500000 134.500000 146.500000 132.500000 33.813000
128.500000 135.500000 145.500000 131.500000 33.852000
128.500000 135.500000 144.500000 131.500000 33.888000
129.500000 136.500000 145.500000 132.500000 33.929000
129.500000 136.500000 145.500000 132.500000 33.965000
129.500000 135.500000 146.500000 132.500000 33.999000
128.500000 136.500000 146.500000 132.500000 34.030000
129.500000 135.500000 145.500000 130.500000 34.066000
131.500000 133.500000 146.500000 132.500000 34.105000
129.500000 135.500000 145.500000 129.500000 34.137000
129.500000 134.500000 146.500000 131.500000 34.168000
129.500000 136.500000 146.500000 131.500000 34.202000
129.500000 135.500000 147.500000 131.500000 34.233000
128.500000 136.500000 144.500000 131.500000 34.267000
131.500000 133.500000 146.500000 131.500000 34.305000
128.500000 134.500000 147.500000 128.500000 34.348000
129.500000 134.500000 145.500000 128.500000 34.396000
129.500000 132.500000 145.500000 131.500000 34.437000
129.500000 136.500000 145.500000 128.500000 34.482000
129.500000 134.500000 143.500000 128.500000 34.528000
129.500000 136.500000 146.500000 131.500000 34.567000
130.500000 135.500000 145.500000 128.500000 34.609000
129.500000 134.500000 144.500000 128.500000 34.651000
129.500000 134.500000 147.500000 128.500000 34.702000
130.500000 133.500000 146.500000 129.500000 34.737000
129.500000 132.500000 144.500000 129.500000 34.775000
131.500000 133.500000 147.500000 128.500000 34.813000
128.500000 135.500000 146.500000 131.500000 34.848000
128.500000 135.500000 145.500000 128.500000 34.891000
129.500000 136.500000 147.500000 128.500000 34.921000
130.500000 135.500000 145.500000 128.500000 34.957000
130.500000 135.500000 145.500000 128.500000 34.989000
130.500000 136.500000 145.500000 128.500000 35.021000
129.500000 136.500000 145.500000 131.500000 35.053000
129.500000 136.500000 146.500000 131.500000 35.094000
129.500000 136.500000 146.500000 131.500000 35.139000
131.500000 133.500000 144.500000 128.500000 35.176000
129.500000 134.500000 145.500000 131.500000 35.212000
131.500000 133.500000 146.500000 129.500000 35.252000
130.500000 135.500000 144.500000 128.500000 35.295000
129.500000 134.500000 144.500000 129.500000 35.330000
129.500000 132.500000 145.500000 128.500000 35.378000
128.500000 136.500000 146.500000 131.500000 35.415000
130.500000 133.500000 145.500000 127.500000 35.456000
129.500000 134.500000 147.500000 128.500000 35.497000
129.500000 135.500000 147.500000 128.500000 35.535000
130.500000 134.500000 147.500000 128.500000 35.572000
128.500000 133.500000 147.500000 128.500000 35.619000
129.500000 135.500000 147.500000 128.500000 35.655000
129.500000 134.500000 146.500000 131.500000 35.700000
131.500000 134.500000 145.500000 129.500000 35.738000
127.500000 135.500000 146.500000 128.500000 35.792000
129.500000 136.500000 145.500000 129.500000 35.824000
130.500000 134.500000 145.500000 127.500000 35.871000
128.500000 135.500000 145.500000 128.500000 35.913000
129.500000 132.500000 146.500000 128.500000 35.952000
128.500000 135.500000 144.500000 128.500000 35.987000
129.500000 136.500000 149.500000 129.500000 36.034000
129.500000 134.500000 144.500000 127.500000 36.072000
127.500000 135.500000 145.500000 129.500000 36.109000
127.500000 135.500000 145.500000 131.500000 36.153000
131.500000 137.500000 143.500000 128.500000 36.195000
128.500000 133.500000 144.500000 131.500000 36.235000
130.500000 134.500000 145.500000 129.500000 36.278000
128.500000 135.500000 145.500000 127.500000 36.323000
128.500000 133.500000 144.500000 128.500000 36.367000
130.500000 132.500000 144.500000 129.500000 36.403000
131.500000 133.500000 145.500000 129.500000 36.452000
131.500000 132.500000 145.500000 129.500000 36.489000
130.500000 133.500000 148.500000 133.500000 36.537000
130.500000 131.500000 147.500000 131.500000 36.579000
129.500000 132.500000 144.500000 126.500000 36.615000
129.500000 133.500000 144.500000 128.500000 36.657000
129.500000 132.500000 148.500000 126.500000 36.717000
129.500000 133.500000 143.500000 127.500000 36.762000
129.500000 133.500000 145.500000 128.500000 36.811000
130.500000 134.500000 145.500000 127.500000 36.853000
128.500000 132.500000 147.500000 129.500000 36.890000
130.500000 133.500000 145.500000 129.500000 36.921000
130.500000 132.500000 147.500000 129.500000 36.954000
130.500000 133.500000 145.500000 128.500000 37.000000
129.500000 132.500000 144.500000 128.500000 37.035000
130.500000 133.500000 145.500000 127.500000 37.071000
130.500000 133.500000 145.500000 127.500000 37.114000
130.500000 132.500000 146.500000 127.500000 37.154000
130.500000 133.500000 144.500000 127.500000 37.203000
128.500000 132.500000 145.500000 128.500000 37.234000
128.500000 132.500000 145.500000 127.500000 37.268000
128.500000 132.500000 144.500000 126.500000 37.309000
129.500000 131.500000 145.500000 127.500000 37.359000
131.500000 130.500000 145.500000 127.500000 37.406000
131.500000 132.500000 148.500000 129.500000 37.450000
129.500000 131.500000 145.500000 127.500000 37.495000
129.500000 132.500000 145.500000 127.500000 37.544000
129.500000 132.500000 147.500000 129.500000 37.594000
128.500000 132.500000 145.500000 127.500000 37.646000
132.500000 129.500000 145.500000 127.500000 37.703000
130.500000 134.500000 145.500000 127.500000 37.750000
129.500000 132.500000 145.500000 128.500000 37.797000
131.500000 132.500000 145.500000 128.500000 37.844000
131.500000 132.500000 145.500000 128.500000 37.890000
131.500000 131.500000 145.500000 127.500000 37.936000
131.500000 132.500000 145.500000 128.500000 37.987000
129.500000 130.500000 145.500000 128.500000 38.025000
130.500000 132.500000 145.500000 128.500000 38.075000
129.500000 133.500000 147.500000 127.500000 38.113000
129.500000 132.500000 145.500000 128.500000 38.164000
129.500000 131.500000 145.500000 127.500000 38.203000
128.500000 132.500000 147.500000 129.500000 38.245000
128.500000 132.500000 145.500000 128.500000 38.285000
130.500000 133.500000 147.500000 129.500000 38.326000
128.500000 130.500000 143.500000 127.500000 38.376000
129.500000 133.500000 147.500000 129.500000 38.425000
130.500000 132.500000 146.500000 129.500000 38.465000
130.500000 133.500000 147.500000 129.500000 38.505000
130.500000 132.500000 146.500000 129.500000 38.540000
129.500000 133.500000 144.500000 128.500000 38.572000
130.500000 132.500000 145.500000 127.500000 38.605000
130.500000 132.500000 145.500000 127.500000 38.648000
131.500000 131.500000 145.500000 127.500000 38.694000
131.500000 131.500000 144.500000 126.500000 38.741000
130.500000 133.500000 145.500000 127.500000 38.782000
129.500000 132.500000 145.500000 128.500000 38.828000
129.500000 131.500000 144.500000 126.500000 38.871000
131.500000 132.500000 145.500000 128.500000 38.913000
130.500000 132.500000 145.500000 128.500000 38.955000
130.500000 133.500000 145.500000 127.500000 39.003000
129.500000 132.500000 147.500000 129.500000 39.050000
132.500000 133.500000 147.500000 129.500000 39.087000
130.500000 133.500000 145.500000 128.500000 39.121000
127.500000 133.500000 145.500000 128.500000 39.155000
131.500000 131.500000 146.500000 129.500000 39.196000
130.500000 133.500000 147.500000 128.500000 39.233000
131.500000 131.500000 147.500000 128.500000 39.275000
129.500000 134.500000 145.500000 128.500000 39.314000
130.500000 130.500000 147.500000 128.500000 39.355000
129.500000 134.500000 147.500000 128.500000 39.401000
131.500000 131.500000 147.500000 128.500000 39.442000
131.500000 131.500000 145.500000 128.500000 39.476000
129.500000 131.500000 145.500000 128.500000 39.511000
129.500000 132.500000 146.500000 126.500000 39.545000
130.500000 134.500000 147.500000 129.500000 39.579000
130.500000 134.500000 147.500000 129.500000 39.611000
132.500000 132.500000 147.500000 126.500000 39.651000
130.500000 134.500000 147.500000 126.500000 39.693000
129.500000 133.500000 147.500000 126.500000 39.732000
129.500000 133.500000 146.500000 129.500000 39.766000
129.500000 133.500000 145.500000 129.500000 39.802000
130.500000 134.500000 146.500000 128.500000 39.833000
130.500000 133.500000 145.500000 127.500000 39.894000
131.500000 133.500000 147.500000 128.500000 39.933000
130.500000 133.500000 145.500000 126.500000 39.986000
