141.500000 141.500000 158.500000 138.500000 5.167000
142.500000 142.500000 157.500000 136.500000 5.429000
140.500000 137.500000 156.500000 135.500000 8.813000
141.500000 131.500000 155.500000 124.500000 10.044000
140.500000 130.500000 156.500000 125.500000 11.326000
148.500000 136.500000 165.500000 132.500000 16.168000
151.500000 138.500000 168.500000 136.500000 16.415000
158.500000 148.500000 174.500000 143.500000 17.223000
158.500000 146.500000 174.500000 141.500000 17.940000
158.500000 145.500000 175.500000 141.500000 18.325000
160.500000 143.500000 173.500000 140.500000 18.360000
158.500000 142.500000 174.500000 142.500000 18.828000
160.500000 145.500000 173.500000 141.500000 19.035000
159.500000 143.500000 173.500000 141.500000 19.280000
160.500000 142.500000 175.500000 142.500000 19.890000
158.500000 144.500000 173.500000 141.500000 20.004000
160.500000 144.500000 173.500000 141.500000 20.090000
159.500000 144.500000 175.500000 143.500000 20.171000
157.500000 145.500000 172.500000 138.500000 20.506000
159.500000 144.500000 173.500000 143.500000 20.737000
158.500000 146.500000 173.500000 141.500000 20.976000
159.500000 143.500000 174.500000 141.500000 21.246000
159.500000 143.500000 175.500000 140.500000 21.285000
159.500000 143.500000 173.500000 142.500000 21.364000
159.500000 145.500000 172.500000 140.500000 21.435000
159.500000 143.500000 172.500000 141.500000 21.594000
158.500000 147.500000 175.500000 143.500000 21.629000
158.500000 147.500000 174.500000 141.500000 21.667000
159.500000 146.500000 173.500000 143.500000 21.701000
158.500000 146.500000 173.500000 143.500000 21.741000
159.500000 146.500000 174.500000 144.500000 21.931000
158.500000 148.500000 174.500000 144.500000 22.013000
159.500000 145.500000 174.500000 145.500000 22.086000
157.500000 147.500000 173.500000 144.500000 22.246000
160.500000 145.500000 175.500000 143.500000 22.321000
159.500000 146.500000 174.500000 144.500000 22.389000
158.500000 149.500000 171.500000 145.500000 22.506000
154.500000 151.500000 167.500000 146.500000 22.755000
151.500000 150.500000 168.500000 147.500000 22.909000
150.500000 152.500000 167.500000 151.500000 23.062000
151.500000 153.500000 165.500000 148.500000 23.096000
150.500000 152.500000 165.500000 152.500000 23.129000
100.500000 188.500000 158.500000 161.500000 24.959000
132.500000 151.500000 148.500000 147.500000 30.539000
132.500000 151.500000 147.500000 148.500000 30.605000
129.500000 147.500000 146.500000 144.500000 30.847000
129.500000 147.500000 148.500000 143.500000 30.888000
130.500000 150.500000 145.500000 145.500000 30.924000
131.500000 149.500000 145.500000 145.500000 30.958000
129.500000 145.500000 145.500000 142.500000 31.287000
129.500000 147.500000 146.500000 143.500000 32.235000
128.500000 147.500000 145.500000 144.500000 32.467000
129.500000 147.500000 148.500000 142.500000 32.782000
128.500000 147.500000 147.500000 142.500000 32.855000
129.500000 147.500000 147.500000 145.500000 33.001000
129.500000 149.500000 145.500000 141.500000 33.387000
129.500000 149.500000 147.500000 143.500000 33.902000
129.500000 149.500000 146.500000 143.500000 33.970000
128.500000 148.500000 144.500000 142.500000 35.679000
130.500000 146.500000 147.500000 141.500000 35.712000
128.500000 147.500000 145.500000 142.500000 36.203000
129.500000 145.500000 145.500000 142.500000 36.914000
130.500000 145.500000 144.500000 142.500000 37.466000
129.500000 145.500000 145.500000 142.500000 37.713000
129.500000 144.500000 146.500000 140.500000 39.240000
129.500000 144.500000 146.500000 141.500000 39.280000
129.500000 144.500000 146.500000 138.500000 39.320000
130.500000 147.500000 145.500000 140.500000 39.520000
129.500000 145.500000 147.500000 141.500000 39.679000
