-1.000000 -1.000000 -1.000000 -1.000000 4.016000
-1.000000 -1.000000 -1.000000 -1.000000 4.060000
-1.000000 -1.000000 -1.000000 -1.000000 4.094000
-1.000000 -1.000000 -1.000000 -1.000000 4.128000
-1.000000 -1.000000 -1.000000 -1.000000 4.170000
-1.000000 -1.000000 -1.000000 -1.000000 4.208000
-1.000000 -1.000000 -1.000000 -1.000000 4.244000
-1.000000 -1.000000 -1.000000 -1.000000 4.280000
-1.000000 -1.000000 -1.000000 -1.000000 4.314000
-1.000000 -1.000000 -1.000000 -1.000000 4.356000
-1.000000 -1.000000 -1.000000 -1.000000 4.418000
-1.000000 -1.000000 -1.000000 -1.000000 4.472000
-1.000000 -1.000000 -1.000000 -1.000000 4.566000
-1.000000 -1.000000 -1.000000 -1.000000 4.662000
-1.000000 -1.000000 -1.000000 -1.000000 4.759000
-1.000000 -1.000000 -1.000000 -1.000000 4.798000
-1.000000 -1.000000 -1.000000 -1.000000 4.843000
-1.000000 -1.000000 -1.000000 -1.000000 4.891000
-1.000000 -1.000000 -1.000000 -1.000000 4.935000
-1.000000 -1.000000 -1.000000 -1.000000 4.975000
-1.000000 -1.000000 -1.000000 -1.000000 5.012000
-1.000000 -1.000000 -1.000000 -1.000000 5.052000
-1.000000 -1.000000 -1.000000 -1.000000 5.088000
-1.000000 -1.000000 -1.000000 -1.000000 5.130000
141.500000 141.500000 158.500000 138.500000 5.167000
-1.000000 -1.000000 -1.000000 -1.000000 5.204000
-1.000000 -1.000000 -1.000000 -1.000000 5.238000
-1.000000 -1.000000 -1.000000 -1.000000 5.279000
-1.000000 -1.000000 -1.000000 -1.000000 5.316000
-1.000000 -1.000000 -1.000000 -1.000000 5.354000
-1.000000 -1.000000 -1.000000 -1.000000 5.393000
142.500000 142.500000 157.500000 136.500000 5.429000
-1.000000 -1.000000 -1.000000 -1.000000 5.466000
-1.000000 -1.000000 -1.000000 -1.000000 5.510000
-1.000000 -1.000000 -1.000000 -1.000000 5.551000
-1.000000 -1.000000 -1.000000 -1.000000 5.592000
-1.000000 -1.000000 -1.000000 -1.000000 5.634000
-1.000000 -1.000000 -1.000000 -1.000000 5.673000
-1.000000 -1.000000 -1.000000 -1.000000 5.709000
-1.000000 -1.000000 -1.000000 -1.000000 5.744000
-1.000000 -1.000000 -1.000000 -1.000000 5.785000
-1.000000 -1.000000 -1.000000 -1.000000 5.832000
-1.000000 -1.000000 -1.000000 -1.000000 5.864000
-1.000000 -1.000000 -1.000000 -1.000000 5.897000
-1.000000 -1.000000 -1.000000 -1.000000 5.930000
-1.000000 -1.000000 -1.000000 -1.000000 5.962000
-1.000000 -1.000000 -1.000000 -1.000000 5.995000
-1.000000 -1.000000 -1.000000 -1.000000 6.025000
-1.000000 -1.000000 -1.000000 -1.000000 6.060000
-1.000000 -1.000000 -1.000000 -1.000000 6.090000
-1.000000 -1.000000 -1.000000 -1.000000 6.122000
-1.000000 -1.000000 -1.000000 -1.000000 6.154000
-1.000000 -1.000000 -1.000000 -1.000000 6.184000
-1.000000 -1.000000 -1.000000 -1.000000 6.218000
-1.000000 -1.000000 -1.000000 -1.000000 6.251000
-1.000000 -1.000000 -1.000000 -1.000000 6.280000
-1.000000 -1.000000 -1.000000 -1.000000 6.312000
-1.000000 -1.000000 -1.000000 -1.000000 6.343000
-1.000000 -1.000000 -1.000000 -1.000000 6.374000
-1.000000 -1.000000 -1.000000 -1.000000 6.406000
-1.000000 -1.000000 -1.000000 -1.000000 6.437000
-1.000000 -1.000000 -1.000000 -1.000000 6.469000
-1.000000 -1.000000 -1.000000 -1.000000 6.502000
-1.000000 -1.000000 -1.000000 -1.000000 6.533000
-1.000000 -1.000000 -1.000000 -1.000000 6.566000
-1.000000 -1.000000 -1.000000 -1.000000 6.599000
-1.000000 -1.000000 -1.000000 -1.000000 6.636000
-1.000000 -1.000000 -1.000000 -1.000000 6.672000
-1.000000 -1.000000 -1.000000 -1.000000 6.708000
-1.000000 -1.000000 -1.000000 -1.000000 6.746000
-1.000000 -1.000000 -1.000000 -1.000000 6.788000
-1.000000 -1.000000 -1.000000 -1.000000 6.834000
-1.000000 -1.000000 -1.000000 -1.000000 6.870000
-1.000000 -1.000000 -1.000000 -1.000000 6.904000
-1.000000 -1.000000 -1.000000 -1.000000 6.940000
-1.000000 -1.000000 -1.000000 -1.000000 6.980000
-1.000000 -1.000000 -1.000000 -1.000000 7.015000
-1.000000 -1.000000 -1.000000 -1.000000 7.049000
-1.000000 -1.000000 -1.000000 -1.000000 7.084000
-1.000000 -1.000000 -1.000000 -1.000000 7.119000
-1.000000 -1.000000 -1.000000 -1.000000 7.153000
-1.000000 -1.000000 -1.000000 -1.000000 7.191000
-1.000000 -1.000000 -1.000000 -1.000000 7.227000
-1.000000 -1.000000 -1.000000 -1.000000 7.268000
-1.000000 -1.000000 -1.000000 -1.000000 7.305000
-1.000000 -1.000000 -1.000000 -1.000000 7.345000
-1.000000 -1.000000 -1.000000 -1.000000 7.381000
-1.000000 -1.000000 -1.000000 -1.000000 7.415000
-1.000000 -1.000000 -1.000000 -1.000000 7.457000
-1.000000 -1.000000 -1.000000 -1.000000 7.496000
-1.000000 -1.000000 -1.000000 -1.000000 7.530000
-1.000000 -1.000000 -1.000000 -1.000000 7.566000
-1.000000 -1.000000 -1.000000 -1.000000 7.602000
-1.000000 -1.000000 -1.000000 -1.000000 7.638000
-1.000000 -1.000000 -1.000000 -1.000000 7.675000
-1.000000 -1.000000 -1.000000 -1.000000 7.711000
-1.000000 -1.000000 -1.000000 -1.000000 7.747000
-1.000000 -1.000000 -1.000000 -1.000000 7.783000
-1.000000 -1.000000 -1.000000 -1.000000 7.818000
-1.000000 -1.000000 -1.000000 -1.000000 7.863000
-1.000000 -1.000000 -1.000000 -1.000000 7.903000
-1.000000 -1.000000 -1.000000 -1.000000 7.946000
-1.000000 -1.000000 -1.000000 -1.000000 7.986000
-1.000000 -1.000000 -1.000000 -1.000000 8.021000
-1.000000 -1.000000 -1.000000 -1.000000 8.057000
-1.000000 -1.000000 -1.000000 -1.000000 8.092000
-1.000000 -1.000000 -1.000000 -1.000000 8.127000
-1.000000 -1.000000 -1.000000 -1.000000 8.161000
-1.000000 -1.000000 -1.000000 -1.000000 8.196000
-1.000000 -1.000000 -1.000000 -1.000000 8.230000
-1.000000 -1.000000 -1.000000 -1.000000 8.265000
-1.000000 -1.000000 -1.000000 -1.000000 8.304000
-1.000000 -1.000000 -1.000000 -1.000000 8.337000
-1.000000 -1.000000 -1.000000 -1.000000 8.372000
-1.000000 -1.000000 -1.000000 -1.000000 8.408000
-1.000000 -1.000000 -1.000000 -1.000000 8.444000
-1.000000 -1.000000 -1.000000 -1.000000 8.477000
-1.000000 -1.000000 -1.000000 -1.000000 8.514000
-1.000000 -1.000000 -1.000000 -1.000000 8.552000
-1.000000 -1.000000 -1.000000 -1.000000 8.588000
-1.000000 -1.000000 -1.000000 -1.000000 8.623000
-1.000000 -1.000000 -1.000000 -1.000000 8.669000
-1.000000 -1.000000 -1.000000 -1.000000 8.706000
-1.000000 -1.000000 -1.000000 -1.000000 8.741000
-1.000000 -1.000000 -1.000000 -1.000000 8.778000
140.500000 137.500000 156.500000 135.500000 8.813000
-1.000000 -1.000000 -1.000000 -1.000000 8.852000
-1.000000 -1.000000 -1.000000 -1.000000 8.894000
-1.000000 -1.000000 -1.000000 -1.000000 8.927000
-1.000000 -1.000000 -1.000000 -1.000000 8.963000
-1.000000 -1.000000 -1.000000 -1.000000 8.999000
-1.000000 -1.000000 -1.000000 -1.000000 9.035000
-1.000000 -1.000000 -1.000000 -1.000000 9.073000
-1.000000 -1.000000 -1.000000 -1.000000 9.112000
-1.000000 -1.000000 -1.000000 -1.000000 9.155000
-1.000000 -1.000000 -1.000000 -1.000000 9.197000
-1.000000 -1.000000 -1.000000 -1.000000 9.238000
-1.000000 -1.000000 -1.000000 -1.000000 9.276000
-1.000000 -1.000000 -1.000000 -1.000000 9.310000
-1.000000 -1.000000 -1.000000 -1.000000 9.344000
-1.000000 -1.000000 -1.000000 -1.000000 9.379000
-1.000000 -1.000000 -1.000000 -1.000000 9.414000
-1.000000 -1.000000 -1.000000 -1.000000 9.451000
-1.000000 -1.000000 -1.000000 -1.000000 9.487000
-1.000000 -1.000000 -1.000000 -1.000000 9.529000
-1.000000 -1.000000 -1.000000 -1.000000 9.570000
-1.000000 -1.000000 -1.000000 -1.000000 9.601000
-1.000000 -1.000000 -1.000000 -1.000000 9.631000
-1.000000 -1.000000 -1.000000 -1.000000 9.669000
-1.000000 -1.000000 -1.000000 -1.000000 9.707000
-1.000000 -1.000000 -1.000000 -1.000000 9.736000
-1.000000 -1.000000 -1.000000 -1.000000 9.776000
-1.000000 -1.000000 -1.000000 -1.000000 9.808000
-1.000000 -1.000000 -1.000000 -1.000000 9.843000
-1.000000 -1.000000 -1.000000 -1.000000 9.884000
-1.000000 -1.000000 -1.000000 -1.000000 9.932000
-1.000000 -1.000000 -1.000000 -1.000000 9.966000
-1.000000 -1.000000 -1.000000 -1.000000 10.011000
141.500000 131.500000 155.500000 124.500000 10.044000
-1.000000 -1.000000 -1.000000 -1.000000 10.078000
-1.000000 -1.000000 -1.000000 -1.000000 10.112000
-1.000000 -1.000000 -1.000000 -1.000000 10.145000
-1.000000 -1.000000 -1.000000 -1.000000 10.183000
-1.000000 -1.000000 -1.000000 -1.000000 10.218000
-1.000000 -1.000000 -1.000000 -1.000000 10.258000
-1.000000 -1.000000 -1.000000 -1.000000 10.299000
-1.000000 -1.000000 -1.000000 -1.000000 10.334000
-1.000000 -1.000000 -1.000000 -1.000000 10.369000
-1.000000 -1.000000 -1.000000 -1.000000 10.410000
-1.000000 -1.000000 -1.000000 -1.000000 10.450000
-1.000000 -1.000000 -1.000000 -1.000000 10.485000
-1.000000 -1.000000 -1.000000 -1.000000 10.520000
-1.000000 -1.000000 -1.000000 -1.000000 10.562000
-1.000000 -1.000000 -1.000000 -1.000000 10.603000
-1.000000 -1.000000 -1.000000 -1.000000 10.647000
-1.000000 -1.000000 -1.000000 -1.000000 10.689000
-1.000000 -1.000000 -1.000000 -1.000000 10.722000
-1.000000 -1.000000 -1.000000 -1.000000 10.758000
-1.000000 -1.000000 -1.000000 -1.000000 10.793000
-1.000000 -1.000000 -1.000000 -1.000000 10.828000
-1.000000 -1.000000 -1.000000 -1.000000 10.869000
-1.000000 -1.000000 -1.000000 -1.000000 10.903000
-1.000000 -1.000000 -1.000000 -1.000000 10.937000
-1.000000 -1.000000 -1.000000 -1.000000 10.980000
-1.000000 -1.000000 -1.000000 -1.000000 11.016000
-1.000000 -1.000000 -1.000000 -1.000000 11.051000
-1.000000 -1.000000 -1.000000 -1.000000 11.092000
-1.000000 -1.000000 -1.000000 -1.000000 11.126000
-1.000000 -1.000000 -1.000000 -1.000000 11.170000
-1.000000 -1.000000 -1.000000 -1.000000 11.211000
-1.000000 -1.000000 -1.000000 -1.000000 11.251000
-1.000000 -1.000000 -1.000000 -1.000000 11.291000
140.500000 130.500000 156.500000 125.500000 11.326000
-1.000000 -1.000000 -1.000000 -1.000000 11.363000
-1.000000 -1.000000 -1.000000 -1.000000 11.397000
-1.000000 -1.000000 -1.000000 -1.000000 11.435000
-1.000000 -1.000000 -1.000000 -1.000000 11.475000
-1.000000 -1.000000 -1.000000 -1.000000 11.516000
-1.000000 -1.000000 -1.000000 -1.000000 11.550000
-1.000000 -1.000000 -1.000000 -1.000000 11.584000
-1.000000 -1.000000 -1.000000 -1.000000 11.622000
-1.000000 -1.000000 -1.000000 -1.000000 11.659000
-1.000000 -1.000000 -1.000000 -1.000000 11.694000
-1.000000 -1.000000 -1.000000 -1.000000 11.736000
-1.000000 -1.000000 -1.000000 -1.000000 11.779000
-1.000000 -1.000000 -1.000000 -1.000000 11.812000
-1.000000 -1.000000 -1.000000 -1.000000 11.845000
-1.000000 -1.000000 -1.000000 -1.000000 11.880000
-1.000000 -1.000000 -1.000000 -1.000000 11.915000
-1.000000 -1.000000 -1.000000 -1.000000 11.957000
-1.000000 -1.000000 -1.000000 -1.000000 11.992000
-1.000000 -1.000000 -1.000000 -1.000000 12.032000
-1.000000 -1.000000 -1.000000 -1.000000 12.081000
-1.000000 -1.000000 -1.000000 -1.000000 12.118000
-1.000000 -1.000000 -1.000000 -1.000000 12.160000
-1.000000 -1.000000 -1.000000 -1.000000 12.201000
-1.000000 -1.000000 -1.000000 -1.000000 12.242000
-1.000000 -1.000000 -1.000000 -1.000000 12.277000
-1.000000 -1.000000 -1.000000 -1.000000 12.320000
-1.000000 -1.000000 -1.000000 -1.000000 12.366000
-1.000000 -1.000000 -1.000000 -1.000000 12.402000
-1.000000 -1.000000 -1.000000 -1.000000 12.437000
-1.000000 -1.000000 -1.000000 -1.000000 12.471000
-1.000000 -1.000000 -1.000000 -1.000000 12.506000
-1.000000 -1.000000 -1.000000 -1.000000 12.547000
-1.000000 -1.000000 -1.000000 -1.000000 12.593000
-1.000000 -1.000000 -1.000000 -1.000000 12.631000
-1.000000 -1.000000 -1.000000 -1.000000 12.668000
-1.000000 -1.000000 -1.000000 -1.000000 12.701000
-1.000000 -1.000000 -1.000000 -1.000000 12.735000
-1.000000 -1.000000 -1.000000 -1.000000 12.774000
-1.000000 -1.000000 -1.000000 -1.000000 12.814000
-1.000000 -1.000000 -1.000000 -1.000000 12.847000
-1.000000 -1.000000 -1.000000 -1.000000 12.888000
-1.000000 -1.000000 -1.000000 -1.000000 12.927000
-1.000000 -1.000000 -1.000000 -1.000000 12.968000
-1.000000 -1.000000 -1.000000 -1.000000 13.006000
-1.000000 -1.000000 -1.000000 -1.000000 13.042000
-1.000000 -1.000000 -1.000000 -1.000000 13.082000
-1.000000 -1.000000 -1.000000 -1.000000 13.116000
-1.000000 -1.000000 -1.000000 -1.000000 13.151000
-1.000000 -1.000000 -1.000000 -1.000000 13.192000
-1.000000 -1.000000 -1.000000 -1.000000 13.230000
-1.000000 -1.000000 -1.000000 -1.000000 13.264000
-1.000000 -1.000000 -1.000000 -1.000000 13.305000
-1.000000 -1.000000 -1.000000 -1.000000 13.339000
-1.000000 -1.000000 -1.000000 -1.000000 13.380000
-1.000000 -1.000000 -1.000000 -1.000000 13.414000
-1.000000 -1.000000 -1.000000 -1.000000 13.447000
-1.000000 -1.000000 -1.000000 -1.000000 13.490000
-1.000000 -1.000000 -1.000000 -1.000000 13.527000
-1.000000 -1.000000 -1.000000 -1.000000 13.563000
-1.000000 -1.000000 -1.000000 -1.000000 13.599000
-1.000000 -1.000000 -1.000000 -1.000000 13.635000
-1.000000 -1.000000 -1.000000 -1.000000 13.668000
-1.000000 -1.000000 -1.000000 -1.000000 13.708000
-1.000000 -1.000000 -1.000000 -1.000000 13.741000
-1.000000 -1.000000 -1.000000 -1.000000 13.776000
-1.000000 -1.000000 -1.000000 -1.000000 13.816000
-1.000000 -1.000000 -1.000000 -1.000000 13.855000
-1.000000 -1.000000 -1.000000 -1.000000 13.890000
-1.000000 -1.000000 -1.000000 -1.000000 13.925000
-1.000000 -1.000000 -1.000000 -1.000000 13.967000
-1.000000 -1.000000 -1.000000 -1.000000 14.007000
-1.000000 -1.000000 -1.000000 -1.000000 14.051000
-1.000000 -1.000000 -1.000000 -1.000000 14.086000
-1.000000 -1.000000 -1.000000 -1.000000 14.123000
-1.000000 -1.000000 -1.000000 -1.000000 14.157000
-1.000000 -1.000000 -1.000000 -1.000000 14.190000
-1.000000 -1.000000 -1.000000 -1.000000 14.227000
-1.000000 -1.000000 -1.000000 -1.000000 14.266000
-1.000000 -1.000000 -1.000000 -1.000000 14.299000
-1.000000 -1.000000 -1.000000 -1.000000 14.339000
-1.000000 -1.000000 -1.000000 -1.000000 14.382000
-1.000000 -1.000000 -1.000000 -1.000000 14.423000
-1.000000 -1.000000 -1.000000 -1.000000 14.462000
-1.000000 -1.000000 -1.000000 -1.000000 14.502000
-1.000000 -1.000000 -1.000000 -1.000000 14.541000
-1.000000 -1.000000 -1.000000 -1.000000 14.578000
-1.000000 -1.000000 -1.000000 -1.000000 14.617000
-1.000000 -1.000000 -1.000000 -1.000000 14.663000
-1.000000 -1.000000 -1.000000 -1.000000 14.705000
-1.000000 -1.000000 -1.000000 -1.000000 14.748000
-1.000000 -1.000000 -1.000000 -1.000000 14.784000
-1.000000 -1.000000 -1.000000 -1.000000 14.820000
-1.000000 -1.000000 -1.000000 -1.000000 14.863000
-1.000000 -1.000000 -1.000000 -1.000000 14.904000
-1.000000 -1.000000 -1.000000 -1.000000 14.938000
-1.000000 -1.000000 -1.000000 -1.000000 14.981000
-1.000000 -1.000000 -1.000000 -1.000000 15.025000
-1.000000 -1.000000 -1.000000 -1.000000 15.064000
-1.000000 -1.000000 -1.000000 -1.000000 15.105000
-1.000000 -1.000000 -1.000000 -1.000000 15.145000
-1.000000 -1.000000 -1.000000 -1.000000 15.180000
-1.000000 -1.000000 -1.000000 -1.000000 15.221000
-1.000000 -1.000000 -1.000000 -1.000000 15.257000
-1.000000 -1.000000 -1.000000 -1.000000 15.294000
-1.000000 -1.000000 -1.000000 -1.000000 15.336000
-1.000000 -1.000000 -1.000000 -1.000000 15.376000
-1.000000 -1.000000 -1.000000 -1.000000 15.410000
-1.000000 -1.000000 -1.000000 -1.000000 15.445000
-1.000000 -1.000000 -1.000000 -1.000000 15.486000
-1.000000 -1.000000 -1.000000 -1.000000 15.528000
-1.000000 -1.000000 -1.000000 -1.000000 15.563000
-1.000000 -1.000000 -1.000000 -1.000000 15.603000
-1.000000 -1.000000 -1.000000 -1.000000 15.638000
-1.000000 -1.000000 -1.000000 -1.000000 15.672000
-1.000000 -1.000000 -1.000000 -1.000000 15.714000
-1.000000 -1.000000 -1.000000 -1.000000 15.748000
-1.000000 -1.000000 -1.000000 -1.000000 15.782000
-1.000000 -1.000000 -1.000000 -1.000000 15.818000
-1.000000 -1.000000 -1.000000 -1.000000 15.851000
-1.000000 -1.000000 -1.000000 -1.000000 15.887000
-1.000000 -1.000000 -1.000000 -1.000000 15.922000
-1.000000 -1.000000 -1.000000 -1.000000 15.957000
-1.000000 -1.000000 -1.000000 -1.000000 15.990000
-1.000000 -1.000000 -1.000000 -1.000000 16.024000
-1.000000 -1.000000 -1.000000 -1.000000 16.063000
-1.000000 -1.000000 -1.000000 -1.000000 16.098000
-1.000000 -1.000000 -1.000000 -1.000000 16.131000
148.500000 136.500000 165.500000 132.500000 16.168000
-1.000000 -1.000000 -1.000000 -1.000000 16.203000
-1.000000 -1.000000 -1.000000 -1.000000 16.236000
-1.000000 -1.000000 -1.000000 -1.000000 16.272000
-1.000000 -1.000000 -1.000000 -1.000000 16.313000
-1.000000 -1.000000 -1.000000 -1.000000 16.348000
-1.000000 -1.000000 -1.000000 -1.000000 16.382000
151.500000 138.500000 168.500000 136.500000 16.415000
-1.000000 -1.000000 -1.000000 -1.000000 16.450000
-1.000000 -1.000000 -1.000000 -1.000000 16.485000
-1.000000 -1.000000 -1.000000 -1.000000 16.526000
-1.000000 -1.000000 -1.000000 -1.000000 16.572000
-1.000000 -1.000000 -1.000000 -1.000000 16.615000
-1.000000 -1.000000 -1.000000 -1.000000 16.656000
-1.000000 -1.000000 -1.000000 -1.000000 16.697000
-1.000000 -1.000000 -1.000000 -1.000000 16.731000
-1.000000 -1.000000 -1.000000 -1.000000 16.765000
-1.000000 -1.000000 -1.000000 -1.000000 16.799000
-1.000000 -1.000000 -1.000000 -1.000000 16.839000
-1.000000 -1.000000 -1.000000 -1.000000 16.872000
-1.000000 -1.000000 -1.000000 -1.000000 16.905000
-1.000000 -1.000000 -1.000000 -1.000000 16.947000
-1.000000 -1.000000 -1.000000 -1.000000 16.983000
-1.000000 -1.000000 -1.000000 -1.000000 17.030000
-1.000000 -1.000000 -1.000000 -1.000000 17.065000
-1.000000 -1.000000 -1.000000 -1.000000 17.107000
-1.000000 -1.000000 -1.000000 -1.000000 17.146000
-1.000000 -1.000000 -1.000000 -1.000000 17.182000
158.500000 148.500000 174.500000 143.500000 17.223000
-1.000000 -1.000000 -1.000000 -1.000000 17.264000
-1.000000 -1.000000 -1.000000 -1.000000 17.305000
-1.000000 -1.000000 -1.000000 -1.000000 17.339000
-1.000000 -1.000000 -1.000000 -1.000000 17.380000
-1.000000 -1.000000 -1.000000 -1.000000 17.418000
-1.000000 -1.000000 -1.000000 -1.000000 17.452000
-1.000000 -1.000000 -1.000000 -1.000000 17.489000
-1.000000 -1.000000 -1.000000 -1.000000 17.531000
-1.000000 -1.000000 -1.000000 -1.000000 17.565000
-1.000000 -1.000000 -1.000000 -1.000000 17.607000
-1.000000 -1.000000 -1.000000 -1.000000 17.644000
-1.000000 -1.000000 -1.000000 -1.000000 17.687000
-1.000000 -1.000000 -1.000000 -1.000000 17.728000
-1.000000 -1.000000 -1.000000 -1.000000 17.763000
-1.000000 -1.000000 -1.000000 -1.000000 17.797000
-1.000000 -1.000000 -1.000000 -1.000000 17.830000
-1.000000 -1.000000 -1.000000 -1.000000 17.871000
-1.000000 -1.000000 -1.000000 -1.000000 17.904000
158.500000 146.500000 174.500000 141.500000 17.940000
-1.000000 -1.000000 -1.000000 -1.000000 17.973000
-1.000000 -1.000000 -1.000000 -1.000000 18.006000
-1.000000 -1.000000 -1.000000 -1.000000 18.048000
-1.000000 -1.000000 -1.000000 -1.000000 18.081000
-1.000000 -1.000000 -1.000000 -1.000000 18.114000
-1.000000 -1.000000 -1.000000 -1.000000 18.149000
-1.000000 -1.000000 -1.000000 -1.000000 18.182000
-1.000000 -1.000000 -1.000000 -1.000000 18.215000
-1.000000 -1.000000 -1.000000 -1.000000 18.256000
-1.000000 -1.000000 -1.000000 -1.000000 18.291000
158.500000 145.500000 175.500000 141.500000 18.325000
160.500000 143.500000 173.500000 140.500000 18.360000
-1.000000 -1.000000 -1.000000 -1.000000 18.400000
-1.000000 -1.000000 -1.000000 -1.000000 18.434000
-1.000000 -1.000000 -1.000000 -1.000000 18.474000
-1.000000 -1.000000 -1.000000 -1.000000 18.509000
-1.000000 -1.000000 -1.000000 -1.000000 18.543000
-1.000000 -1.000000 -1.000000 -1.000000 18.582000
-1.000000 -1.000000 -1.000000 -1.000000 18.632000
-1.000000 -1.000000 -1.000000 -1.000000 18.673000
-1.000000 -1.000000 -1.000000 -1.000000 18.715000
-1.000000 -1.000000 -1.000000 -1.000000 18.748000
-1.000000 -1.000000 -1.000000 -1.000000 18.783000
158.500000 142.500000 174.500000 142.500000 18.828000
-1.000000 -1.000000 -1.000000 -1.000000 18.863000
-1.000000 -1.000000 -1.000000 -1.000000 18.897000
-1.000000 -1.000000 -1.000000 -1.000000 18.933000
-1.000000 -1.000000 -1.000000 -1.000000 18.966000
-1.000000 -1.000000 -1.000000 -1.000000 18.999000
160.500000 145.500000 173.500000 141.500000 19.035000
-1.000000 -1.000000 -1.000000 -1.000000 19.071000
-1.000000 -1.000000 -1.000000 -1.000000 19.104000
-1.000000 -1.000000 -1.000000 -1.000000 19.138000
-1.000000 -1.000000 -1.000000 -1.000000 19.173000
-1.000000 -1.000000 -1.000000 -1.000000 19.207000
-1.000000 -1.000000 -1.000000 -1.000000 19.240000
159.500000 143.500000 173.500000 141.500000 19.280000
-1.000000 -1.000000 -1.000000 -1.000000 19.319000
-1.000000 -1.000000 -1.000000 -1.000000 19.356000
-1.000000 -1.000000 -1.000000 -1.000000 19.390000
-1.000000 -1.000000 -1.000000 -1.000000 19.423000
-1.000000 -1.000000 -1.000000 -1.000000 19.457000
-1.000000 -1.000000 -1.000000 -1.000000 19.493000
-1.000000 -1.000000 -1.000000 -1.000000 19.529000
-1.000000 -1.000000 -1.000000 -1.000000 19.561000
-1.000000 -1.000000 -1.000000 -1.000000 19.595000
-1.000000 -1.000000 -1.000000 -1.000000 19.638000
-1.000000 -1.000000 -1.000000 -1.000000 19.683000
-1.000000 -1.000000 -1.000000 -1.000000 19.717000
-1.000000 -1.000000 -1.000000 -1.000000 19.752000
-1.000000 -1.000000 -1.000000 -1.000000 19.785000
-1.000000 -1.000000 -1.000000 -1.000000 19.819000
-1.000000 -1.000000 -1.000000 -1.000000 19.852000
160.500000 142.500000 175.500000 142.500000 19.890000
-1.000000 -1.000000 -1.000000 -1.000000 19.930000
-1.000000 -1.000000 -1.000000 -1.000000 19.964000
158.500000 144.500000 173.500000 141.500000 20.004000
-1.000000 -1.000000 -1.000000 -1.000000 20.048000
160.500000 144.500000 173.500000 141.500000 20.090000
-1.000000 -1.000000 -1.000000 -1.000000 20.136000
159.500000 144.500000 175.500000 143.500000 20.171000
-1.000000 -1.000000 -1.000000 -1.000000 20.204000
-1.000000 -1.000000 -1.000000 -1.000000 20.238000
-1.000000 -1.000000 -1.000000 -1.000000 20.275000
-1.000000 -1.000000 -1.000000 -1.000000 20.310000
-1.000000 -1.000000 -1.000000 -1.000000 20.348000
-1.000000 -1.000000 -1.000000 -1.000000 20.393000
-1.000000 -1.000000 -1.000000 -1.000000 20.428000
-1.000000 -1.000000 -1.000000 -1.000000 20.470000
157.500000 145.500000 172.500000 138.500000 20.506000
-1.000000 -1.000000 -1.000000 -1.000000 20.540000
-1.000000 -1.000000 -1.000000 -1.000000 20.581000
-1.000000 -1.000000 -1.000000 -1.000000 20.618000
-1.000000 -1.000000 -1.000000 -1.000000 20.655000
-1.000000 -1.000000 -1.000000 -1.000000 20.696000
159.500000 144.500000 173.500000 143.500000 20.737000
-1.000000 -1.000000 -1.000000 -1.000000 20.771000
-1.000000 -1.000000 -1.000000 -1.000000 20.804000
-1.000000 -1.000000 -1.000000 -1.000000 20.838000
-1.000000 -1.000000 -1.000000 -1.000000 20.873000
-1.000000 -1.000000 -1.000000 -1.000000 20.907000
-1.000000 -1.000000 -1.000000 -1.000000 20.940000
158.500000 146.500000 173.500000 141.500000 20.976000
-1.000000 -1.000000 -1.000000 -1.000000 21.016000
-1.000000 -1.000000 -1.000000 -1.000000 21.063000
-1.000000 -1.000000 -1.000000 -1.000000 21.103000
-1.000000 -1.000000 -1.000000 -1.000000 21.143000
-1.000000 -1.000000 -1.000000 -1.000000 21.177000
-1.000000 -1.000000 -1.000000 -1.000000 21.212000
159.500000 143.500000 174.500000 141.500000 21.246000
159.500000 143.500000 175.500000 140.500000 21.285000
-1.000000 -1.000000 -1.000000 -1.000000 21.327000
159.500000 143.500000 173.500000 142.500000 21.364000
-1.000000 -1.000000 -1.000000 -1.000000 21.402000
159.500000 145.500000 172.500000 140.500000 21.435000
-1.000000 -1.000000 -1.000000 -1.000000 21.470000
-1.000000 -1.000000 -1.000000 -1.000000 21.513000
-1.000000 -1.000000 -1.000000 -1.000000 21.553000
159.500000 143.500000 172.500000 141.500000 21.594000
158.500000 147.500000 175.500000 143.500000 21.629000
158.500000 147.500000 174.500000 141.500000 21.667000
159.500000 146.500000 173.500000 143.500000 21.701000
158.500000 146.500000 173.500000 143.500000 21.741000
-1.000000 -1.000000 -1.000000 -1.000000 21.782000
-1.000000 -1.000000 -1.000000 -1.000000 21.823000
-1.000000 -1.000000 -1.000000 -1.000000 21.858000
-1.000000 -1.000000 -1.000000 -1.000000 21.890000
159.500000 146.500000 174.500000 144.500000 21.931000
-1.000000 -1.000000 -1.000000 -1.000000 21.972000
158.500000 148.500000 174.500000 144.500000 22.013000
-1.000000 -1.000000 -1.000000 -1.000000 22.047000
159.500000 145.500000 174.500000 145.500000 22.086000
-1.000000 -1.000000 -1.000000 -1.000000 22.120000
-1.000000 -1.000000 -1.000000 -1.000000 22.159000
-1.000000 -1.000000 -1.000000 -1.000000 22.198000
157.500000 147.500000 173.500000 144.500000 22.246000
-1.000000 -1.000000 -1.000000 -1.000000 22.287000
160.500000 145.500000 175.500000 143.500000 22.321000
-1.000000 -1.000000 -1.000000 -1.000000 22.355000
159.500000 146.500000 174.500000 144.500000 22.389000
-1.000000 -1.000000 -1.000000 -1.000000 22.429000
-1.000000 -1.000000 -1.000000 -1.000000 22.468000
158.500000 149.500000 171.500000 145.500000 22.506000
-1.000000 -1.000000 -1.000000 -1.000000 22.542000
-1.000000 -1.000000 -1.000000 -1.000000 22.577000
-1.000000 -1.000000 -1.000000 -1.000000 22.611000
-1.000000 -1.000000 -1.000000 -1.000000 22.645000
-1.000000 -1.000000 -1.000000 -1.000000 22.681000
-1.000000 -1.000000 -1.000000 -1.000000 22.715000
154.500000 151.500000 167.500000 146.500000 22.755000
-1.000000 -1.000000 -1.000000 -1.000000 22.791000
-1.000000 -1.000000 -1.000000 -1.000000 22.836000
-1.000000 -1.000000 -1.000000 -1.000000 22.870000
151.500000 150.500000 168.500000 147.500000 22.909000
-1.000000 -1.000000 -1.000000 -1.000000 22.952000
-1.000000 -1.000000 -1.000000 -1.000000 22.988000
-1.000000 -1.000000 -1.000000 -1.000000 23.023000
150.500000 152.500000 167.500000 151.500000 23.062000
151.500000 153.500000 165.500000 148.500000 23.096000
150.500000 152.500000 165.500000 152.500000 23.129000
-1.000000 -1.000000 -1.000000 -1.000000 23.165000
-1.000000 -1.000000 -1.000000 -1.000000 23.207000
-1.000000 -1.000000 -1.000000 -1.000000 23.247000
-1.000000 -1.000000 -1.000000 -1.000000 23.289000
-1.000000 -1.000000 -1.000000 -1.000000 23.329000
-1.000000 -1.000000 -1.000000 -1.000000 23.366000
-1.000000 -1.000000 -1.000000 -1.000000 23.399000
-1.000000 -1.000000 -1.000000 -1.000000 23.445000
-1.000000 -1.000000 -1.000000 -1.000000 23.485000
-1.000000 -1.000000 -1.000000 -1.000000 23.519000
-1.000000 -1.000000 -1.000000 -1.000000 23.553000
-1.000000 -1.000000 -1.000000 -1.000000 23.586000
-1.000000 -1.000000 -1.000000 -1.000000 23.623000
-1.000000 -1.000000 -1.000000 -1.000000 23.665000
-1.000000 -1.000000 -1.000000 -1.000000 23.705000
-1.000000 -1.000000 -1.000000 -1.000000 23.744000
-1.000000 -1.000000 -1.000000 -1.000000 23.781000
-1.000000 -1.000000 -1.000000 -1.000000 23.817000
-1.000000 -1.000000 -1.000000 -1.000000 23.852000
-1.000000 -1.000000 -1.000000 -1.000000 23.886000
-1.000000 -1.000000 -1.000000 -1.000000 23.926000
-1.000000 -1.000000 -1.000000 -1.000000 23.960000
-1.000000 -1.000000 -1.000000 -1.000000 24.001000
-1.000000 -1.000000 -1.000000 -1.000000 24.041000
-1.000000 -1.000000 -1.000000 -1.000000 24.083000
-1.000000 -1.000000 -1.000000 -1.000000 24.117000
-1.000000 -1.000000 -1.000000 -1.000000 24.156000
-1.000000 -1.000000 -1.000000 -1.000000 24.190000
-1.000000 -1.000000 -1.000000 -1.000000 24.223000
-1.000000 -1.000000 -1.000000 -1.000000 24.276000
-1.000000 -1.000000 -1.000000 -1.000000 24.316000
-1.000000 -1.000000 -1.000000 -1.000000 24.381000
-1.000000 -1.000000 -1.000000 -1.000000 24.415000
-1.000000 -1.000000 -1.000000 -1.000000 24.456000
-1.000000 -1.000000 -1.000000 -1.000000 24.496000
-1.000000 -1.000000 -1.000000 -1.000000 24.538000
-1.000000 -1.000000 -1.000000 -1.000000 24.573000
-1.000000 -1.000000 -1.000000 -1.000000 24.607000
-1.000000 -1.000000 -1.000000 -1.000000 24.642000
-1.000000 -1.000000 -1.000000 -1.000000 24.676000
-1.000000 -1.000000 -1.000000 -1.000000 24.710000
-1.000000 -1.000000 -1.000000 -1.000000 24.745000
-1.000000 -1.000000 -1.000000 -1.000000 24.780000
-1.000000 -1.000000 -1.000000 -1.000000 24.813000
-1.000000 -1.000000 -1.000000 -1.000000 24.847000
-1.000000 -1.000000 -1.000000 -1.000000 24.880000
-1.000000 -1.000000 -1.000000 -1.000000 24.919000
100.500000 188.500000 158.500000 161.500000 24.959000
-1.000000 -1.000000 -1.000000 -1.000000 25.005000
-1.000000 -1.000000 -1.000000 -1.000000 25.039000
-1.000000 -1.000000 -1.000000 -1.000000 25.072000
-1.000000 -1.000000 -1.000000 -1.000000 25.106000
-1.000000 -1.000000 -1.000000 -1.000000 25.145000
-1.000000 -1.000000 -1.000000 -1.000000 25.183000
-1.000000 -1.000000 -1.000000 -1.000000 25.225000
-1.000000 -1.000000 -1.000000 -1.000000 25.258000
-1.000000 -1.000000 -1.000000 -1.000000 25.293000
-1.000000 -1.000000 -1.000000 -1.000000 25.327000
-1.000000 -1.000000 -1.000000 -1.000000 25.369000
-1.000000 -1.000000 -1.000000 -1.000000 25.402000
-1.000000 -1.000000 -1.000000 -1.000000 25.443000
-1.000000 -1.000000 -1.000000 -1.000000 25.476000
-1.000000 -1.000000 -1.000000 -1.000000 25.511000
-1.000000 -1.000000 -1.000000 -1.000000 25.551000
-1.000000 -1.000000 -1.000000 -1.000000 25.586000
-1.000000 -1.000000 -1.000000 -1.000000 25.621000
-1.000000 -1.000000 -1.000000 -1.000000 25.655000
-1.000000 -1.000000 -1.000000 -1.000000 25.691000
-1.000000 -1.000000 -1.000000 -1.000000 25.726000
-1.000000 -1.000000 -1.000000 -1.000000 25.761000
-1.000000 -1.000000 -1.000000 -1.000000 25.802000
-1.000000 -1.000000 -1.000000 -1.000000 25.848000
-1.000000 -1.000000 -1.000000 -1.000000 25.891000
-1.000000 -1.000000 -1.000000 -1.000000 25.926000
-1.000000 -1.000000 -1.000000 -1.000000 25.965000
-1.000000 -1.000000 -1.000000 -1.000000 26.001000
-1.000000 -1.000000 -1.000000 -1.000000 26.043000
-1.000000 -1.000000 -1.000000 -1.000000 26.087000
-1.000000 -1.000000 -1.000000 -1.000000 26.127000
-1.000000 -1.000000 -1.000000 -1.000000 26.167000
-1.000000 -1.000000 -1.000000 -1.000000 26.207000
-1.000000 -1.000000 -1.000000 -1.000000 26.245000
-1.000000 -1.000000 -1.000000 -1.000000 26.278000
-1.000000 -1.000000 -1.000000 -1.000000 26.311000
-1.000000 -1.000000 -1.000000 -1.000000 26.347000
-1.000000 -1.000000 -1.000000 -1.000000 26.381000
-1.000000 -1.000000 -1.000000 -1.000000 26.416000
-1.000000 -1.000000 -1.000000 -1.000000 26.456000
-1.000000 -1.000000 -1.000000 -1.000000 26.497000
-1.000000 -1.000000 -1.000000 -1.000000 26.533000
-1.000000 -1.000000 -1.000000 -1.000000 26.569000
-1.000000 -1.000000 -1.000000 -1.000000 26.611000
-1.000000 -1.000000 -1.000000 -1.000000 26.663000
-1.000000 -1.000000 -1.000000 -1.000000 26.696000
-1.000000 -1.000000 -1.000000 -1.000000 26.730000
-1.000000 -1.000000 -1.000000 -1.000000 26.770000
-1.000000 -1.000000 -1.000000 -1.000000 26.803000
-1.000000 -1.000000 -1.000000 -1.000000 26.848000
-1.000000 -1.000000 -1.000000 -1.000000 26.883000
-1.000000 -1.000000 -1.000000 -1.000000 26.917000
-1.000000 -1.000000 -1.000000 -1.000000 26.950000
-1.000000 -1.000000 -1.000000 -1.000000 26.988000
-1.000000 -1.000000 -1.000000 -1.000000 27.029000
-1.000000 -1.000000 -1.000000 -1.000000 27.071000
-1.000000 -1.000000 -1.000000 -1.000000 27.109000
-1.000000 -1.000000 -1.000000 -1.000000 27.144000
-1.000000 -1.000000 -1.000000 -1.000000 27.186000
-1.000000 -1.000000 -1.000000 -1.000000 27.221000
-1.000000 -1.000000 -1.000000 -1.000000 27.259000
-1.000000 -1.000000 -1.000000 -1.000000 27.296000
-1.000000 -1.000000 -1.000000 -1.000000 27.329000
-1.000000 -1.000000 -1.000000 -1.000000 27.363000
-1.000000 -1.000000 -1.000000 -1.000000 27.406000
-1.000000 -1.000000 -1.000000 -1.000000 27.452000
-1.000000 -1.000000 -1.000000 -1.000000 27.486000
-1.000000 -1.000000 -1.000000 -1.000000 27.524000
-1.000000 -1.000000 -1.000000 -1.000000 27.565000
-1.000000 -1.000000 -1.000000 -1.000000 27.600000
-1.000000 -1.000000 -1.000000 -1.000000 27.641000
-1.000000 -1.000000 -1.000000 -1.000000 27.676000
-1.000000 -1.000000 -1.000000 -1.000000 27.712000
-1.000000 -1.000000 -1.000000 -1.000000 27.745000
-1.000000 -1.000000 -1.000000 -1.000000 27.782000
-1.000000 -1.000000 -1.000000 -1.000000 27.824000
-1.000000 -1.000000 -1.000000 -1.000000 27.866000
-1.000000 -1.000000 -1.000000 -1.000000 27.900000
-1.000000 -1.000000 -1.000000 -1.000000 27.937000
-1.000000 -1.000000 -1.000000 -1.000000 27.973000
-1.000000 -1.000000 -1.000000 -1.000000 28.009000
-1.000000 -1.000000 -1.000000 -1.000000 28.044000
-1.000000 -1.000000 -1.000000 -1.000000 28.080000
-1.000000 -1.000000 -1.000000 -1.000000 28.115000
-1.000000 -1.000000 -1.000000 -1.000000 28.149000
-1.000000 -1.000000 -1.000000 -1.000000 28.184000
-1.000000 -1.000000 -1.000000 -1.000000 28.225000
-1.000000 -1.000000 -1.000000 -1.000000 28.259000
-1.000000 -1.000000 -1.000000 -1.000000 28.299000
-1.000000 -1.000000 -1.000000 -1.000000 28.333000
-1.000000 -1.000000 -1.000000 -1.000000 28.369000
-1.000000 -1.000000 -1.000000 -1.000000 28.405000
-1.000000 -1.000000 -1.000000 -1.000000 28.447000
-1.000000 -1.000000 -1.000000 -1.000000 28.486000
-1.000000 -1.000000 -1.000000 -1.000000 28.534000
-1.000000 -1.000000 -1.000000 -1.000000 28.568000
-1.000000 -1.000000 -1.000000 -1.000000 28.602000
-1.000000 -1.000000 -1.000000 -1.000000 28.637000
-1.000000 -1.000000 -1.000000 -1.000000 28.680000
-1.000000 -1.000000 -1.000000 -1.000000 28.730000
-1.000000 -1.000000 -1.000000 -1.000000 28.772000
-1.000000 -1.000000 -1.000000 -1.000000 28.811000
-1.000000 -1.000000 -1.000000 -1.000000 28.844000
-1.000000 -1.000000 -1.000000 -1.000000 28.884000
-1.000000 -1.000000 -1.000000 -1.000000 28.919000
-1.000000 -1.000000 -1.000000 -1.000000 28.954000
-1.000000 -1.000000 -1.000000 -1.000000 28.996000
-1.000000 -1.000000 -1.000000 -1.000000 29.031000
-1.000000 -1.000000 -1.000000 -1.000000 29.073000
-1.000000 -1.000000 -1.000000 -1.000000 29.107000
-1.000000 -1.000000 -1.000000 -1.000000 29.149000
-1.000000 -1.000000 -1.000000 -1.000000 29.189000
-1.000000 -1.000000 -1.000000 -1.000000 29.224000
-1.000000 -1.000000 -1.000000 -1.000000 29.264000
-1.000000 -1.000000 -1.000000 -1.000000 29.301000
-1.000000 -1.000000 -1.000000 -1.000000 29.342000
-1.000000 -1.000000 -1.000000 -1.000000 29.377000
-1.000000 -1.000000 -1.000000 -1.000000 29.417000
-1.000000 -1.000000 -1.000000 -1.000000 29.457000
-1.000000 -1.000000 -1.000000 -1.000000 29.499000
-1.000000 -1.000000 -1.000000 -1.000000 29.532000
-1.000000 -1.000000 -1.000000 -1.000000 29.589000
-1.000000 -1.000000 -1.000000 -1.000000 29.625000
-1.000000 -1.000000 -1.000000 -1.000000 29.676000
-1.000000 -1.000000 -1.000000 -1.000000 29.710000
-1.000000 -1.000000 -1.000000 -1.000000 29.750000
-1.000000 -1.000000 -1.000000 -1.000000 29.797000
-1.000000 -1.000000 -1.000000 -1.000000 29.831000
-1.000000 -1.000000 -1.000000 -1.000000 29.868000
-1.000000 -1.000000 -1.000000 -1.000000 29.903000
-1.000000 -1.000000 -1.000000 -1.000000 29.937000
-1.000000 -1.000000 -1.000000 -1.000000 29.974000
-1.000000 -1.000000 -1.000000 -1.000000 30.007000
-1.000000 -1.000000 -1.000000 -1.000000 30.051000
-1.000000 -1.000000 -1.000000 -1.000000 30.084000
-1.000000 -1.000000 -1.000000 -1.000000 30.131000
-1.000000 -1.000000 -1.000000 -1.000000 30.171000
-1.000000 -1.000000 -1.000000 -1.000000 30.207000
-1.000000 -1.000000 -1.000000 -1.000000 30.240000
-1.000000 -1.000000 -1.000000 -1.000000 30.276000
-1.000000 -1.000000 -1.000000 -1.000000 30.311000
-1.000000 -1.000000 -1.000000 -1.000000 30.345000
-1.000000 -1.000000 -1.000000 -1.000000 30.386000
-1.000000 -1.000000 -1.000000 -1.000000 30.435000
-1.000000 -1.000000 -1.000000 -1.000000 30.470000
-1.000000 -1.000000 -1.000000 -1.000000 30.505000
132.500000 151.500000 148.500000 147.500000 30.539000
-1.000000 -1.000000 -1.000000 -1.000000 30.573000
132.500000 151.500000 147.500000 148.500000 30.605000
-1.000000 -1.000000 -1.000000 -1.000000 30.644000
-1.000000 -1.000000 -1.000000 -1.000000 30.681000
-1.000000 -1.000000 -1.000000 -1.000000 30.715000
-1.000000 -1.000000 -1.000000 -1.000000 30.748000
-1.000000 -1.000000 -1.000000 -1.000000 30.807000
129.500000 147.500000 146.500000 144.500000 30.847000
129.500000 147.500000 148.500000 143.500000 30.888000
130.500000 150.500000 145.500000 145.500000 30.924000
131.500000 149.500000 145.500000 145.500000 30.958000
-1.000000 -1.000000 -1.000000 -1.000000 30.997000
-1.000000 -1.000000 -1.000000 -1.000000 31.031000
-1.000000 -1.000000 -1.000000 -1.000000 31.072000
-1.000000 -1.000000 -1.000000 -1.000000 31.112000
-1.000000 -1.000000 -1.000000 -1.000000 31.147000
-1.000000 -1.000000 -1.000000 -1.000000 31.184000
-1.000000 -1.000000 -1.000000 -1.000000 31.217000
129.500000 145.500000 145.500000 142.500000 31.287000
-1.000000 -1.000000 -1.000000 -1.000000 31.320000
-1.000000 -1.000000 -1.000000 -1.000000 31.362000
-1.000000 -1.000000 -1.000000 -1.000000 31.408000
-1.000000 -1.000000 -1.000000 -1.000000 31.448000
-1.000000 -1.000000 -1.000000 -1.000000 31.489000
-1.000000 -1.000000 -1.000000 -1.000000 31.532000
-1.000000 -1.000000 -1.000000 -1.000000 31.570000
-1.000000 -1.000000 -1.000000 -1.000000 31.612000
-1.000000 -1.000000 -1.000000 -1.000000 31.653000
-1.000000 -1.000000 -1.000000 -1.000000 31.688000
-1.000000 -1.000000 -1.000000 -1.000000 31.728000
-1.000000 -1.000000 -1.000000 -1.000000 31.777000
-1.000000 -1.000000 -1.000000 -1.000000 31.818000
-1.000000 -1.000000 -1.000000 -1.000000 31.854000
-1.000000 -1.000000 -1.000000 -1.000000 31.890000
-1.000000 -1.000000 -1.000000 -1.000000 31.924000
-1.000000 -1.000000 -1.000000 -1.000000 31.965000
-1.000000 -1.000000 -1.000000 -1.000000 31.998000
-1.000000 -1.000000 -1.000000 -1.000000 32.031000
-1.000000 -1.000000 -1.000000 -1.000000 32.072000
-1.000000 -1.000000 -1.000000 -1.000000 32.113000
-1.000000 -1.000000 -1.000000 -1.000000 32.148000
-1.000000 -1.000000 -1.000000 -1.000000 32.186000
129.500000 147.500000 146.500000 143.500000 32.235000
-1.000000 -1.000000 -1.000000 -1.000000 32.277000
-1.000000 -1.000000 -1.000000 -1.000000 32.313000
-1.000000 -1.000000 -1.000000 -1.000000 32.353000
-1.000000 -1.000000 -1.000000 -1.000000 32.394000
-1.000000 -1.000000 -1.000000 -1.000000 32.434000
128.500000 147.500000 145.500000 144.500000 32.467000
-1.000000 -1.000000 -1.000000 -1.000000 32.507000
-1.000000 -1.000000 -1.000000 -1.000000 32.547000
-1.000000 -1.000000 -1.000000 -1.000000 32.582000
-1.000000 -1.000000 -1.000000 -1.000000 32.621000
-1.000000 -1.000000 -1.000000 -1.000000 32.658000
-1.000000 -1.000000 -1.000000 -1.000000 32.699000
-1.000000 -1.000000 -1.000000 -1.000000 32.740000
129.500000 147.500000 148.500000 142.500000 32.782000
-1.000000 -1.000000 -1.000000 -1.000000 32.816000
128.500000 147.500000 147.500000 142.500000 32.855000
-1.000000 -1.000000 -1.000000 -1.000000 32.888000
-1.000000 -1.000000 -1.000000 -1.000000 32.924000
-1.000000 -1.000000 -1.000000 -1.000000 32.959000
129.500000 147.500000 147.500000 145.500000 33.001000
-1.000000 -1.000000 -1.000000 -1.000000 33.035000
-1.000000 -1.000000 -1.000000 -1.000000 33.075000
-1.000000 -1.000000 -1.000000 -1.000000 33.123000
-1.000000 -1.000000 -1.000000 -1.000000 33.169000
-1.000000 -1.000000 -1.000000 -1.000000 33.203000
-1.000000 -1.000000 -1.000000 -1.000000 33.237000
-1.000000 -1.000000 -1.000000 -1.000000 33.285000
-1.000000 -1.000000 -1.000000 -1.000000 33.319000
-1.000000 -1.000000 -1.000000 -1.000000 33.354000
129.500000 149.500000 145.500000 141.500000 33.387000
-1.000000 -1.000000 -1.000000 -1.000000 33.423000
-1.000000 -1.000000 -1.000000 -1.000000 33.463000
-1.000000 -1.000000 -1.000000 -1.000000 33.497000
-1.000000 -1.000000 -1.000000 -1.000000 33.530000
-1.000000 -1.000000 -1.000000 -1.000000 33.571000
-1.000000 -1.000000 -1.000000 -1.000000 33.609000
-1.000000 -1.000000 -1.000000 -1.000000 33.645000
-1.000000 -1.000000 -1.000000 -1.000000 33.685000
-1.000000 -1.000000 -1.000000 -1.000000 33.718000
-1.000000 -1.000000 -1.000000 -1.000000 33.752000
-1.000000 -1.000000 -1.000000 -1.000000 33.786000
-1.000000 -1.000000 -1.000000 -1.000000 33.819000
-1.000000 -1.000000 -1.000000 -1.000000 33.861000
129.500000 149.500000 147.500000 143.500000 33.902000
-1.000000 -1.000000 -1.000000 -1.000000 33.936000
129.500000 149.500000 146.500000 143.500000 33.970000
-1.000000 -1.000000 -1.000000 -1.000000 34.009000
-1.000000 -1.000000 -1.000000 -1.000000 34.045000
-1.000000 -1.000000 -1.000000 -1.000000 34.086000
-1.000000 -1.000000 -1.000000 -1.000000 34.127000
-1.000000 -1.000000 -1.000000 -1.000000 34.160000
-1.000000 -1.000000 -1.000000 -1.000000 34.195000
-1.000000 -1.000000 -1.000000 -1.000000 34.229000
-1.000000 -1.000000 -1.000000 -1.000000 34.268000
-1.000000 -1.000000 -1.000000 -1.000000 34.303000
-1.000000 -1.000000 -1.000000 -1.000000 34.344000
-1.000000 -1.000000 -1.000000 -1.000000 34.378000
-1.000000 -1.000000 -1.000000 -1.000000 34.411000
-1.000000 -1.000000 -1.000000 -1.000000 34.451000
-1.000000 -1.000000 -1.000000 -1.000000 34.508000
-1.000000 -1.000000 -1.000000 -1.000000 34.552000
-1.000000 -1.000000 -1.000000 -1.000000 34.604000
-1.000000 -1.000000 -1.000000 -1.000000 34.645000
-1.000000 -1.000000 -1.000000 -1.000000 34.683000
-1.000000 -1.000000 -1.000000 -1.000000 34.717000
-1.000000 -1.000000 -1.000000 -1.000000 34.758000
-1.000000 -1.000000 -1.000000 -1.000000 34.798000
-1.000000 -1.000000 -1.000000 -1.000000 34.833000
-1.000000 -1.000000 -1.000000 -1.000000 34.868000
-1.000000 -1.000000 -1.000000 -1.000000 34.901000
-1.000000 -1.000000 -1.000000 -1.000000 34.943000
-1.000000 -1.000000 -1.000000 -1.000000 34.985000
-1.000000 -1.000000 -1.000000 -1.000000 35.024000
-1.000000 -1.000000 -1.000000 -1.000000 35.058000
-1.000000 -1.000000 -1.000000 -1.000000 35.098000
-1.000000 -1.000000 -1.000000 -1.000000 35.138000
-1.000000 -1.000000 -1.000000 -1.000000 35.173000
-1.000000 -1.000000 -1.000000 -1.000000 35.207000
-1.000000 -1.000000 -1.000000 -1.000000 35.248000
-1.000000 -1.000000 -1.000000 -1.000000 35.293000
-1.000000 -1.000000 -1.000000 -1.000000 35.333000
-1.000000 -1.000000 -1.000000 -1.000000 35.374000
-1.000000 -1.000000 -1.000000 -1.000000 35.408000
-1.000000 -1.000000 -1.000000 -1.000000 35.449000
-1.000000 -1.000000 -1.000000 -1.000000 35.484000
-1.000000 -1.000000 -1.000000 -1.000000 35.519000
-1.000000 -1.000000 -1.000000 -1.000000 35.558000
-1.000000 -1.000000 -1.000000 -1.000000 35.608000
-1.000000 -1.000000 -1.000000 -1.000000 35.645000
128.500000 148.500000 144.500000 142.500000 35.679000
130.500000 146.500000 147.500000 141.500000 35.712000
-1.000000 -1.000000 -1.000000 -1.000000 35.748000
-1.000000 -1.000000 -1.000000 -1.000000 35.784000
-1.000000 -1.000000 -1.000000 -1.000000 35.818000
-1.000000 -1.000000 -1.000000 -1.000000 35.853000
-1.000000 -1.000000 -1.000000 -1.000000 35.888000
-1.000000 -1.000000 -1.000000 -1.000000 35.929000
-1.000000 -1.000000 -1.000000 -1.000000 35.977000
-1.000000 -1.000000 -1.000000 -1.000000 36.019000
-1.000000 -1.000000 -1.000000 -1.000000 36.059000
-1.000000 -1.000000 -1.000000 -1.000000 36.095000
-1.000000 -1.000000 -1.000000 -1.000000 36.129000
-1.000000 -1.000000 -1.000000 -1.000000 36.162000
128.500000 147.500000 145.500000 142.500000 36.203000
-1.000000 -1.000000 -1.000000 -1.000000 36.241000
-1.000000 -1.000000 -1.000000 -1.000000 36.276000
-1.000000 -1.000000 -1.000000 -1.000000 36.311000
-1.000000 -1.000000 -1.000000 -1.000000 36.345000
-1.000000 -1.000000 -1.000000 -1.000000 36.382000
-1.000000 -1.000000 -1.000000 -1.000000 36.421000
-1.000000 -1.000000 -1.000000 -1.000000 36.469000
-1.000000 -1.000000 -1.000000 -1.000000 36.504000
-1.000000 -1.000000 -1.000000 -1.000000 36.544000
-1.000000 -1.000000 -1.000000 -1.000000 36.577000
-1.000000 -1.000000 -1.000000 -1.000000 36.612000
-1.000000 -1.000000 -1.000000 -1.000000 36.659000
-1.000000 -1.000000 -1.000000 -1.000000 36.699000
-1.000000 -1.000000 -1.000000 -1.000000 36.732000
-1.000000 -1.000000 -1.000000 -1.000000 36.766000
-1.000000 -1.000000 -1.000000 -1.000000 36.801000
-1.000000 -1.000000 -1.000000 -1.000000 36.842000
-1.000000 -1.000000 -1.000000 -1.000000 36.878000
129.500000 145.500000 145.500000 142.500000 36.914000
-1.000000 -1.000000 -1.000000 -1.000000 36.955000
-1.000000 -1.000000 -1.000000 -1.000000 36.990000
-1.000000 -1.000000 -1.000000 -1.000000 37.030000
-1.000000 -1.000000 -1.000000 -1.000000 37.077000
-1.000000 -1.000000 -1.000000 -1.000000 37.111000
-1.000000 -1.000000 -1.000000 -1.000000 37.146000
-1.000000 -1.000000 -1.000000 -1.000000 37.181000
-1.000000 -1.000000 -1.000000 -1.000000 37.215000
-1.000000 -1.000000 -1.000000 -1.000000 37.254000
-1.000000 -1.000000 -1.000000 -1.000000 37.294000
-1.000000 -1.000000 -1.000000 -1.000000 37.329000
-1.000000 -1.000000 -1.000000 -1.000000 37.363000
-1.000000 -1.000000 -1.000000 -1.000000 37.398000
-1.000000 -1.000000 -1.000000 -1.000000 37.432000
130.500000 145.500000 144.500000 142.500000 37.466000
-1.000000 -1.000000 -1.000000 -1.000000 37.506000
-1.000000 -1.000000 -1.000000 -1.000000 37.554000
-1.000000 -1.000000 -1.000000 -1.000000 37.594000
-1.000000 -1.000000 -1.000000 -1.000000 37.633000
-1.000000 -1.000000 -1.000000 -1.000000 37.674000
129.500000 145.500000 145.500000 142.500000 37.713000
-1.000000 -1.000000 -1.000000 -1.000000 37.752000
-1.000000 -1.000000 -1.000000 -1.000000 37.785000
-1.000000 -1.000000 -1.000000 -1.000000 37.819000
-1.000000 -1.000000 -1.000000 -1.000000 37.853000
-1.000000 -1.000000 -1.000000 -1.000000 37.911000
-1.000000 -1.000000 -1.000000 -1.000000 37.945000
-1.000000 -1.000000 -1.000000 -1.000000 37.992000
-1.000000 -1.000000 -1.000000 -1.000000 38.033000
-1.000000 -1.000000 -1.000000 -1.000000 38.067000
-1.000000 -1.000000 -1.000000 -1.000000 38.100000
-1.000000 -1.000000 -1.000000 -1.000000 38.134000
-1.000000 -1.000000 -1.000000 -1.000000 38.170000
-1.000000 -1.000000 -1.000000 -1.000000 38.210000
-1.000000 -1.000000 -1.000000 -1.000000 38.250000
-1.000000 -1.000000 -1.000000 -1.000000 38.286000
-1.000000 -1.000000 -1.000000 -1.000000 38.321000
-1.000000 -1.000000 -1.000000 -1.000000 38.354000
-1.000000 -1.000000 -1.000000 -1.000000 38.395000
-1.000000 -1.000000 -1.000000 -1.000000 38.429000
-1.000000 -1.000000 -1.000000 -1.000000 38.463000
-1.000000 -1.000000 -1.000000 -1.000000 38.505000
-1.000000 -1.000000 -1.000000 -1.000000 38.547000
-1.000000 -1.000000 -1.000000 -1.000000 38.582000
-1.000000 -1.000000 -1.000000 -1.000000 38.616000
-1.000000 -1.000000 -1.000000 -1.000000 38.654000
-1.000000 -1.000000 -1.000000 -1.000000 38.700000
-1.000000 -1.000000 -1.000000 -1.000000 38.743000
-1.000000 -1.000000 -1.000000 -1.000000 38.780000
-1.000000 -1.000000 -1.000000 -1.000000 38.815000
-1.000000 -1.000000 -1.000000 -1.000000 38.848000
-1.000000 -1.000000 -1.000000 -1.000000 38.888000
-1.000000 -1.000000 -1.000000 -1.000000 38.923000
-1.000000 -1.000000 -1.000000 -1.000000 38.956000
-1.000000 -1.000000 -1.000000 -1.000000 38.993000
-1.000000 -1.000000 -1.000000 -1.000000 39.026000
-1.000000 -1.000000 -1.000000 -1.000000 39.061000
-1.000000 -1.000000 -1.000000 -1.000000 39.096000
-1.000000 -1.000000 -1.000000 -1.000000 39.129000
-1.000000 -1.000000 -1.000000 -1.000000 39.164000
-1.000000 -1.000000 -1.000000 -1.000000 39.207000
129.500000 144.500000 146.500000 140.500000 39.240000
129.500000 144.500000 146.500000 141.500000 39.280000
129.500000 144.500000 146.500000 138.500000 39.320000
-1.000000 -1.000000 -1.000000 -1.000000 39.360000
-1.000000 -1.000000 -1.000000 -1.000000 39.403000
-1.000000 -1.000000 -1.000000 -1.000000 39.437000
-1.000000 -1.000000 -1.000000 -1.000000 39.479000
130.500000 147.500000 145.500000 140.500000 39.520000
-1.000000 -1.000000 -1.000000 -1.000000 39.554000
-1.000000 -1.000000 -1.000000 -1.000000 39.596000
-1.000000 -1.000000 -1.000000 -1.000000 39.635000
129.500000 145.500000 147.500000 141.500000 39.679000
-1.000000 -1.000000 -1.000000 -1.000000 39.719000
-1.000000 -1.000000 -1.000000 -1.000000 39.754000
-1.000000 -1.000000 -1.000000 -1.000000 39.800000
-1.000000 -1.000000 -1.000000 -1.000000 39.846000
-1.000000 -1.000000 -1.000000 -1.000000 39.883000
-1.000000 -1.000000 -1.000000 -1.000000 39.924000
-1.000000 -1.000000 -1.000000 -1.000000 39.958000
-1.000000 -1.000000 -1.000000 -1.000000 39.991000
