145.500000 139.500000 162.500000 138.500000 0.810000
145.500000 139.500000 162.500000 138.500000 0.811000
145.500000 139.500000 162.500000 138.500000 0.812000
145.500000 139.500000 162.500000 138.500000 0.814000
145.500000 139.500000 162.500000 138.500000 0.815000
142.500000 143.500000 161.500000 141.500000 1.604000
142.500000 143.500000 161.500000 141.500000 1.606000
142.500000 144.500000 156.500000 141.500000 2.087000
142.500000 144.500000 156.500000 141.500000 2.089000
142.500000 144.500000 156.500000 141.500000 2.091000
143.500000 141.500000 156.500000 141.500000 2.093000
140.500000 144.500000 156.500000 142.500000 2.119000
140.500000 144.500000 156.500000 142.500000 2.121000
146.500000 144.500000 161.500000 145.500000 2.460000
146.500000 144.500000 161.500000 145.500000 2.462000
146.500000 144.500000 161.500000 145.500000 2.464000
145.500000 141.500000 163.500000 144.500000 2.573000
145.500000 141.500000 163.500000 144.500000 2.575000
145.500000 141.500000 163.500000 144.500000 2.577000
144.500000 140.500000 161.500000 142.500000 2.648000
144.500000 140.500000 159.500000 141.500000 2.650000
144.500000 140.500000 159.500000 141.500000 2.652000
144.500000 140.500000 159.500000 141.500000 2.654000
146.500000 140.500000 159.500000 142.500000 2.831000
146.500000 140.500000 159.500000 142.500000 2.833000
146.500000 140.500000 159.500000 142.500000 2.835000
146.500000 140.500000 159.500000 142.500000 2.837000
141.500000 142.500000 155.500000 143.500000 2.906000
141.500000 142.500000 155.500000 143.500000 2.908000
140.500000 142.500000 157.500000 144.500000 3.069000
140.500000 142.500000 157.500000 144.500000 3.071000
143.500000 144.500000 160.500000 145.500000 3.509000
143.500000 144.500000 160.500000 145.500000 3.511000
143.500000 144.500000 160.500000 145.500000 3.513000
145.500000 143.500000 160.500000 145.500000 3.515000
145.500000 143.500000 160.500000 145.500000 3.517000
142.500000 145.500000 159.500000 145.500000 3.531000
142.500000 145.500000 159.500000 145.500000 3.533000
142.500000 145.500000 159.500000 145.500000 3.535000
142.500000 145.500000 159.500000 145.500000 3.537000
144.500000 143.500000 159.500000 142.500000 3.597000
144.500000 143.500000 159.500000 142.500000 3.599000
144.500000 143.500000 159.500000 142.500000 3.601000
145.500000 145.500000 160.500000 142.500000 3.615000
145.500000 145.500000 160.500000 142.500000 3.617000
142.500000 142.500000 160.500000 142.500000 3.619000
142.500000 142.500000 160.500000 142.500000 3.621000
143.500000 143.500000 158.500000 144.500000 3.658000
143.500000 143.500000 158.500000 144.500000 3.660000
142.500000 143.500000 158.500000 144.500000 3.662000
142.500000 143.500000 158.500000 144.500000 3.664000
144.500000 144.500000 159.500000 142.500000 4.048000
144.500000 144.500000 159.500000 142.500000 4.049000
144.500000 144.500000 159.500000 142.500000 4.051000
144.500000 144.500000 159.500000 142.500000 4.053000
144.500000 144.500000 159.500000 142.500000 4.054000
143.500000 145.500000 158.500000 145.500000 4.320000
143.500000 145.500000 158.500000 145.500000 4.322000
143.500000 145.500000 158.500000 145.500000 4.323000
143.500000 145.500000 158.500000 145.500000 4.325000
142.500000 146.500000 158.500000 145.500000 4.327000
142.500000 146.500000 158.500000 145.500000 4.328000
145.500000 146.500000 159.500000 145.500000 4.484000
145.500000 146.500000 159.500000 145.500000 4.485000
145.500000 146.500000 159.500000 145.500000 4.487000
145.500000 146.500000 159.500000 145.500000 4.488000
143.500000 145.500000 160.500000 145.500000 4.604000
143.500000 145.500000 160.500000 145.500000 4.605000
143.500000 145.500000 160.500000 145.500000 4.607000
143.500000 145.500000 159.500000 146.500000 4.955000
143.500000 145.500000 159.500000 146.500000 4.956000
142.500000 145.500000 158.500000 146.500000 5.910000
142.500000 145.500000 158.500000 146.500000 5.912000
142.500000 145.500000 158.500000 146.500000 5.913000
142.500000 145.500000 158.500000 146.500000 5.915000
142.500000 145.500000 158.500000 146.500000 5.916000
142.500000 145.500000 158.500000 146.500000 6.487000
142.500000 145.500000 158.500000 146.500000 6.488000
141.500000 147.500000 159.500000 146.500000 6.835000
141.500000 147.500000 159.500000 146.500000 6.836000
141.500000 147.500000 159.500000 146.500000 6.838000
141.500000 147.500000 159.500000 146.500000 6.839000
143.500000 146.500000 158.500000 146.500000 7.347000
143.500000 146.500000 158.500000 146.500000 7.349000
143.500000 146.500000 158.500000 146.500000 7.351000
143.500000 146.500000 158.500000 146.500000 7.352000
143.500000 146.500000 158.500000 146.500000 7.354000
143.500000 148.500000 158.500000 146.500000 7.355000
143.500000 148.500000 158.500000 146.500000 7.357000
142.500000 147.500000 158.500000 146.500000 7.673000
142.500000 147.500000 158.500000 146.500000 7.674000
142.500000 147.500000 158.500000 146.500000 7.676000
142.500000 147.500000 157.500000 146.500000 7.745000
142.500000 147.500000 157.500000 146.500000 7.746000
141.500000 145.500000 159.500000 146.500000 8.000000
141.500000 145.500000 159.500000 146.500000 8.002000
141.500000 145.500000 159.500000 146.500000 8.004000
144.500000 148.500000 161.500000 145.500000 8.222000
144.500000 148.500000 161.500000 145.500000 8.223000
142.500000 141.500000 157.500000 141.500000 8.871000
142.500000 141.500000 157.500000 141.500000 8.873000
142.500000 141.500000 157.500000 141.500000 8.874000
142.500000 141.500000 157.500000 141.500000 8.876000
142.500000 141.500000 157.500000 141.500000 8.877000
143.500000 140.500000 157.500000 141.500000 8.879000
143.500000 140.500000 157.500000 141.500000 8.880000
144.500000 135.500000 156.500000 133.500000 9.890000
144.500000 135.500000 156.500000 133.500000 9.892000
142.500000 135.500000 157.500000 133.500000 9.966000
142.500000 135.500000 157.500000 133.500000 9.967000
141.500000 135.500000 159.500000 133.500000 10.134000
141.500000 135.500000 159.500000 133.500000 10.136000
141.500000 135.500000 159.500000 133.500000 10.137000
141.500000 135.500000 159.500000 133.500000 10.139000
143.500000 133.500000 155.500000 133.500000 10.251000
143.500000 133.500000 155.500000 133.500000 10.252000
142.500000 135.500000 158.500000 133.500000 10.379000
142.500000 135.500000 158.500000 133.500000 10.380000
142.500000 134.500000 158.500000 132.500000 10.421000
142.500000 134.500000 158.500000 132.500000 10.422000
144.500000 134.500000 159.500000 134.500000 10.498000
144.500000 134.500000 159.500000 134.500000 10.499000
143.500000 135.500000 155.500000 133.500000 10.937000
143.500000 135.500000 155.500000 133.500000 10.938000
143.500000 135.500000 155.500000 133.500000 10.940000
143.500000 135.500000 155.500000 133.500000 10.941000
143.500000 135.500000 155.500000 133.500000 10.943000
142.500000 134.500000 158.500000 132.500000 11.194000
142.500000 134.500000 158.500000 132.500000 11.196000
142.500000 134.500000 158.500000 132.500000 11.198000
142.500000 135.500000 158.500000 133.500000 11.402000
142.500000 135.500000 158.500000 133.500000 11.403000
142.500000 135.500000 158.500000 132.500000 11.405000
142.500000 135.500000 158.500000 132.500000 11.406000
142.500000 135.500000 158.500000 132.500000 11.408000
142.500000 135.500000 158.500000 132.500000 11.409000
142.500000 135.500000 158.500000 133.500000 11.523000
142.500000 135.500000 158.500000 133.500000 11.525000
142.500000 135.500000 159.500000 134.500000 11.571000
142.500000 135.500000 159.500000 134.500000 11.573000
144.500000 137.500000 159.500000 134.500000 11.639000
144.500000 137.500000 159.500000 134.500000 11.640000
144.500000 137.500000 159.500000 134.500000 11.642000
144.500000 137.500000 159.500000 134.500000 11.643000
140.500000 137.500000 158.500000 135.500000 11.671000
140.500000 137.500000 158.500000 135.500000 11.672000
141.500000 135.500000 156.500000 134.500000 11.793000
141.500000 135.500000 156.500000 134.500000 11.794000
142.500000 136.500000 159.500000 134.500000 11.805000
142.500000 136.500000 159.500000 134.500000 11.807000
142.500000 136.500000 159.500000 134.500000 11.809000
140.500000 137.500000 154.500000 135.500000 11.959000
140.500000 137.500000 154.500000 135.500000 11.960000
140.500000 137.500000 154.500000 135.500000 11.962000
141.500000 135.500000 154.500000 135.500000 11.964000
141.500000 135.500000 154.500000 135.500000 11.966000
142.500000 136.500000 156.500000 133.500000 12.188000
142.500000 136.500000 156.500000 133.500000 12.190000
142.500000 136.500000 158.500000 133.500000 12.287000
142.500000 136.500000 158.500000 133.500000 12.289000
142.500000 136.500000 158.500000 133.500000 12.291000
144.500000 135.500000 158.500000 133.500000 12.293000
144.500000 135.500000 158.500000 133.500000 12.294000
143.500000 134.500000 157.500000 135.500000 12.353000
143.500000 137.500000 158.500000 134.500000 12.412000
141.500000 137.500000 157.500000 135.500000 12.504000
141.500000 137.500000 157.500000 135.500000 12.505000
141.500000 137.500000 157.500000 135.500000 12.507000
146.500000 136.500000 157.500000 135.500000 12.563000
146.500000 136.500000 157.500000 135.500000 12.565000
146.500000 136.500000 157.500000 135.500000 12.566000
146.500000 136.500000 157.500000 135.500000 12.568000
143.500000 136.500000 157.500000 135.500000 12.569000
143.500000 136.500000 157.500000 135.500000 12.571000
143.500000 135.500000 157.500000 134.500000 12.658000
143.500000 135.500000 157.500000 134.500000 12.659000
143.500000 135.500000 158.500000 134.500000 12.786000
143.500000 135.500000 158.500000 134.500000 12.787000
142.500000 137.500000 158.500000 135.500000 12.857000
142.500000 137.500000 158.500000 135.500000 12.858000
142.500000 137.500000 158.500000 135.500000 12.860000
142.500000 137.500000 157.500000 134.500000 12.861000
142.500000 137.500000 157.500000 134.500000 12.863000
142.500000 137.500000 157.500000 134.500000 12.864000
142.500000 137.500000 157.500000 134.500000 12.866000
142.500000 137.500000 157.500000 134.500000 12.867000
143.500000 135.500000 157.500000 135.500000 13.001000
143.500000 135.500000 157.500000 135.500000 13.002000
143.500000 135.500000 156.500000 134.500000 13.004000
143.500000 135.500000 156.500000 134.500000 13.005000
143.500000 135.500000 156.500000 134.500000 13.007000
143.500000 135.500000 156.500000 134.500000 13.009000
143.500000 137.500000 158.500000 134.500000 13.134000
143.500000 134.500000 158.500000 136.500000 13.264000
143.500000 134.500000 158.500000 136.500000 13.265000
142.500000 134.500000 157.500000 135.500000 13.299000
142.500000 134.500000 157.500000 135.500000 13.300000
143.500000 138.500000 159.500000 134.500000 13.504000
143.500000 138.500000 159.500000 134.500000 13.505000
143.500000 138.500000 159.500000 134.500000 13.507000
143.500000 138.500000 159.500000 134.500000 13.509000
143.500000 136.500000 157.500000 133.500000 13.587000
143.500000 136.500000 157.500000 133.500000 13.589000
141.500000 135.500000 159.500000 134.500000 13.600000
141.500000 135.500000 159.500000 134.500000 13.601000
141.500000 135.500000 159.500000 134.500000 13.603000
142.500000 135.500000 159.500000 134.500000 13.744000
142.500000 135.500000 159.500000 134.500000 13.746000
142.500000 135.500000 159.500000 134.500000 13.748000
143.500000 136.500000 158.500000 134.500000 13.803000
143.500000 136.500000 158.500000 134.500000 13.805000
143.500000 136.500000 158.500000 134.500000 13.807000
144.500000 135.500000 158.500000 134.500000 13.809000
144.500000 135.500000 158.500000 134.500000 13.810000
144.500000 136.500000 158.500000 135.500000 13.911000
144.500000 136.500000 158.500000 135.500000 13.912000
145.500000 136.500000 158.500000 135.500000 14.653000
145.500000 136.500000 158.500000 135.500000 14.655000
144.500000 137.500000 156.500000 134.500000 14.716000
144.500000 137.500000 156.500000 134.500000 14.717000
143.500000 137.500000 159.500000 134.500000 14.733000
143.500000 137.500000 159.500000 134.500000 14.735000
142.500000 136.500000 158.500000 136.500000 15.159000
142.500000 136.500000 158.500000 136.500000 15.161000
142.500000 136.500000 158.500000 136.500000 15.162000
142.500000 136.500000 158.500000 136.500000 15.164000
143.500000 138.500000 159.500000 136.500000 15.222000
143.500000 138.500000 159.500000 136.500000 15.223000
143.500000 138.500000 159.500000 136.500000 15.225000
154.500000 148.500000 172.500000 145.500000 16.506000
154.500000 148.500000 172.500000 145.500000 16.507000
154.500000 148.500000 172.500000 145.500000 16.509000
154.500000 148.500000 172.500000 145.500000 16.510000
153.500000 147.500000 172.500000 145.500000 16.512000
153.500000 147.500000 172.500000 145.500000 16.513000
153.500000 147.500000 171.500000 147.500000 16.515000
153.500000 147.500000 171.500000 147.500000 16.517000
153.500000 147.500000 171.500000 147.500000 16.518000
154.500000 148.500000 171.500000 147.500000 16.520000
154.500000 148.500000 171.500000 147.500000 16.521000
154.500000 148.500000 173.500000 147.500000 16.558000
154.500000 148.500000 173.500000 147.500000 16.559000
154.500000 148.500000 173.500000 147.500000 16.561000
154.500000 148.500000 173.500000 147.500000 16.562000
156.500000 147.500000 173.500000 147.500000 16.602000
156.500000 147.500000 173.500000 147.500000 16.603000
156.500000 147.500000 173.500000 147.500000 16.605000
156.500000 148.500000 171.500000 146.500000 16.625000
156.500000 148.500000 171.500000 146.500000 16.626000
157.500000 148.500000 174.500000 148.500000 16.759000
157.500000 148.500000 174.500000 148.500000 16.760000
157.500000 148.500000 174.500000 148.500000 16.762000
157.500000 147.500000 173.500000 144.500000 16.811000
157.500000 147.500000 173.500000 144.500000 16.812000
157.500000 147.500000 173.500000 144.500000 16.814000
157.500000 147.500000 174.500000 149.500000 16.850000
157.500000 147.500000 174.500000 149.500000 16.852000
157.500000 147.500000 175.500000 149.500000 16.853000
157.500000 147.500000 175.500000 149.500000 16.855000
157.500000 147.500000 175.500000 149.500000 16.856000
157.500000 147.500000 175.500000 149.500000 16.858000
156.500000 148.500000 175.500000 149.500000 16.859000
156.500000 148.500000 175.500000 149.500000 16.861000
156.500000 148.500000 175.500000 149.500000 16.863000
156.500000 148.500000 175.500000 149.500000 16.864000
156.500000 148.500000 175.500000 149.500000 16.866000
157.500000 149.500000 175.500000 149.500000 16.867000
157.500000 149.500000 175.500000 149.500000 16.869000
157.500000 149.500000 175.500000 149.500000 16.870000
157.500000 149.500000 175.500000 149.500000 16.872000
157.500000 149.500000 175.500000 149.500000 16.873000
157.500000 149.500000 175.500000 149.500000 16.875000
156.500000 149.500000 174.500000 149.500000 16.890000
156.500000 149.500000 174.500000 149.500000 16.892000
156.500000 149.500000 174.500000 149.500000 16.893000
156.500000 149.500000 174.500000 149.500000 16.895000
158.500000 148.500000 174.500000 149.500000 16.896000
158.500000 148.500000 174.500000 149.500000 16.898000
158.500000 148.500000 174.500000 149.500000 16.899000
159.500000 151.500000 177.500000 149.500000 17.015000
159.500000 151.500000 177.500000 149.500000 17.017000
159.500000 151.500000 177.500000 149.500000 17.018000
159.500000 151.500000 177.500000 149.500000 17.020000
159.500000 151.500000 177.500000 149.500000 17.021000
160.500000 151.500000 179.500000 154.500000 17.137000
160.500000 151.500000 179.500000 154.500000 17.138000
160.500000 151.500000 179.500000 154.500000 17.140000
160.500000 152.500000 178.500000 152.500000 17.340000
160.500000 152.500000 178.500000 152.500000 17.341000
160.500000 152.500000 178.500000 152.500000 17.343000
160.500000 151.500000 177.500000 150.500000 17.361000
160.500000 151.500000 177.500000 150.500000 17.363000
160.500000 151.500000 178.500000 152.500000 17.364000
160.500000 151.500000 178.500000 152.500000 17.366000
160.500000 151.500000 178.500000 152.500000 17.367000
160.500000 151.500000 178.500000 152.500000 17.369000
159.500000 152.500000 177.500000 151.500000 17.381000
159.500000 152.500000 177.500000 151.500000 17.382000
159.500000 152.500000 177.500000 151.500000 17.384000
159.500000 152.500000 177.500000 151.500000 17.385000
159.500000 152.500000 177.500000 151.500000 17.387000
159.500000 152.500000 176.500000 151.500000 17.398000
159.500000 152.500000 176.500000 151.500000 17.399000
162.500000 152.500000 179.500000 153.500000 17.459000
162.500000 152.500000 179.500000 153.500000 17.460000
160.500000 158.500000 172.500000 157.500000 17.567000
160.500000 158.500000 172.500000 157.500000 17.568000
160.500000 158.500000 172.500000 157.500000 17.570000
160.500000 158.500000 172.500000 157.500000 17.571000
160.500000 158.500000 172.500000 157.500000 17.573000
157.500000 154.500000 171.500000 158.500000 17.591000
157.500000 154.500000 171.500000 158.500000 17.593000
157.500000 154.500000 171.500000 158.500000 17.594000
157.500000 154.500000 172.500000 162.500000 17.596000
157.500000 154.500000 172.500000 162.500000 17.597000
157.500000 154.500000 172.500000 162.500000 17.599000
157.500000 154.500000 172.500000 162.500000 17.600000
158.500000 153.500000 185.500000 170.500000 17.613000
158.500000 153.500000 185.500000 170.500000 17.614000
158.500000 153.500000 185.500000 170.500000 17.616000
158.500000 153.500000 176.500000 158.500000 17.617000
158.500000 153.500000 176.500000 158.500000 17.619000
158.500000 153.500000 176.500000 158.500000 17.620000
158.500000 153.500000 176.500000 158.500000 17.622000
158.500000 153.500000 176.500000 158.500000 17.623000
161.500000 153.500000 176.500000 158.500000 17.625000
161.500000 153.500000 176.500000 158.500000 17.626000
161.500000 153.500000 177.500000 164.500000 17.628000
161.500000 153.500000 177.500000 164.500000 17.629000
161.500000 153.500000 177.500000 164.500000 17.631000
161.500000 153.500000 177.500000 164.500000 17.632000
161.500000 153.500000 177.500000 164.500000 17.634000
161.500000 153.500000 177.500000 164.500000 17.635000
159.500000 152.500000 193.500000 170.500000 17.660000
159.500000 152.500000 193.500000 170.500000 17.661000
158.500000 150.500000 178.500000 149.500000 17.681000
158.500000 150.500000 178.500000 149.500000 17.683000
158.500000 150.500000 178.500000 149.500000 17.684000
158.500000 150.500000 179.500000 150.500000 17.686000
158.500000 150.500000 179.500000 150.500000 17.687000
158.500000 150.500000 179.500000 150.500000 17.689000
158.500000 150.500000 179.500000 150.500000 17.690000
157.500000 154.500000 177.500000 152.500000 17.725000
157.500000 154.500000 177.500000 152.500000 17.727000
161.500000 152.500000 177.500000 151.500000 17.754000
161.500000 152.500000 177.500000 151.500000 17.756000
161.500000 152.500000 177.500000 151.500000 17.757000
161.500000 152.500000 177.500000 151.500000 17.759000
160.500000 150.500000 177.500000 152.500000 17.978000
160.500000 150.500000 177.500000 152.500000 17.980000
160.500000 150.500000 177.500000 152.500000 17.981000
160.500000 150.500000 177.500000 152.500000 17.983000
158.500000 150.500000 178.500000 150.500000 18.035000
158.500000 150.500000 178.500000 150.500000 18.036000
158.500000 150.500000 176.500000 150.500000 18.038000
158.500000 150.500000 176.500000 150.500000 18.039000
158.500000 150.500000 176.500000 150.500000 18.041000
158.500000 150.500000 176.500000 150.500000 18.042000
161.500000 151.500000 178.500000 153.500000 18.061000
161.500000 151.500000 178.500000 153.500000 18.062000
159.500000 150.500000 177.500000 152.500000 18.122000
159.500000 150.500000 177.500000 152.500000 18.123000
158.500000 161.500000 176.500000 156.500000 18.157000
158.500000 161.500000 176.500000 156.500000 18.158000
158.500000 161.500000 176.500000 156.500000 18.160000
158.500000 161.500000 176.500000 156.500000 18.161000
158.500000 165.500000 186.500000 174.500000 18.170000
158.500000 165.500000 186.500000 174.500000 18.172000
169.500000 203.500000 131.500000 176.500000 18.195000
169.500000 203.500000 131.500000 176.500000 18.196000
169.500000 206.500000 120.500000 200.500000 18.213000
169.500000 206.500000 120.500000 200.500000 18.215000
169.500000 206.500000 120.500000 200.500000 18.216000
169.500000 206.500000 120.500000 200.500000 18.218000
169.500000 206.500000 120.500000 200.500000 18.219000
156.500000 161.500000 195.500000 182.500000 18.276000
156.500000 161.500000 195.500000 182.500000 18.277000
156.500000 161.500000 195.500000 182.500000 18.279000
156.500000 161.500000 195.500000 182.500000 18.280000
157.500000 159.500000 195.500000 182.500000 18.282000
159.500000 153.500000 169.500000 160.500000 18.292000
159.500000 153.500000 169.500000 160.500000 18.294000
159.500000 153.500000 169.500000 160.500000 18.295000
160.500000 149.500000 179.500000 151.500000 18.349000
160.500000 149.500000 179.500000 151.500000 18.350000
159.500000 152.500000 178.500000 152.500000 18.448000
159.500000 152.500000 178.500000 152.500000 18.449000
159.500000 152.500000 178.500000 152.500000 18.451000
159.500000 152.500000 178.500000 152.500000 18.452000
159.500000 152.500000 178.500000 152.500000 18.454000
159.500000 152.500000 178.500000 152.500000 18.456000
159.500000 148.500000 178.500000 152.500000 18.457000
159.500000 148.500000 178.500000 152.500000 18.459000
159.500000 148.500000 178.500000 152.500000 18.460000
159.500000 148.500000 178.500000 152.500000 18.462000
159.500000 148.500000 178.500000 152.500000 18.463000
160.500000 151.500000 178.500000 152.500000 18.465000
160.500000 151.500000 178.500000 152.500000 18.466000
160.500000 151.500000 179.500000 150.500000 18.477000
160.500000 151.500000 179.500000 150.500000 18.478000
160.500000 151.500000 179.500000 150.500000 18.480000
160.500000 151.500000 179.500000 150.500000 18.481000
159.500000 150.500000 179.500000 150.500000 18.500000
159.500000 150.500000 179.500000 150.500000 18.501000
159.500000 150.500000 178.500000 150.500000 18.503000
159.500000 150.500000 178.500000 150.500000 18.504000
159.500000 150.500000 178.500000 150.500000 18.506000
159.500000 150.500000 177.500000 148.500000 18.539000
159.500000 150.500000 177.500000 148.500000 18.541000
159.500000 150.500000 177.500000 150.500000 18.542000
159.500000 150.500000 177.500000 150.500000 18.544000
159.500000 150.500000 177.500000 150.500000 18.545000
159.500000 150.500000 177.500000 150.500000 18.547000
159.500000 150.500000 177.500000 150.500000 18.549000
159.500000 150.500000 177.500000 150.500000 18.550000
161.500000 153.500000 177.500000 150.500000 18.573000
161.500000 153.500000 177.500000 150.500000 18.574000
161.500000 153.500000 178.500000 152.500000 18.576000
161.500000 153.500000 178.500000 152.500000 18.577000
161.500000 153.500000 178.500000 152.500000 18.579000
161.500000 153.500000 178.500000 152.500000 18.581000
158.500000 154.500000 178.500000 152.500000 18.582000
158.500000 154.500000 178.500000 152.500000 18.584000
160.500000 149.500000 178.500000 148.500000 18.593000
160.500000 149.500000 178.500000 148.500000 18.594000
160.500000 149.500000 178.500000 148.500000 18.596000
160.500000 149.500000 178.500000 148.500000 18.597000
160.500000 149.500000 178.500000 148.500000 18.599000
160.500000 149.500000 178.500000 148.500000 18.600000
160.500000 149.500000 176.500000 151.500000 18.616000
160.500000 149.500000 176.500000 151.500000 18.617000
160.500000 149.500000 178.500000 151.500000 18.619000
160.500000 149.500000 178.500000 151.500000 18.620000
160.500000 149.500000 178.500000 151.500000 18.622000
160.500000 149.500000 178.500000 151.500000 18.623000
160.500000 151.500000 178.500000 151.500000 18.625000
160.500000 151.500000 178.500000 151.500000 18.626000
159.500000 149.500000 175.500000 150.500000 18.713000
159.500000 149.500000 175.500000 150.500000 18.715000
159.500000 149.500000 175.500000 150.500000 18.716000
159.500000 149.500000 175.500000 150.500000 18.718000
159.500000 149.500000 175.500000 150.500000 18.719000
159.500000 149.500000 175.500000 150.500000 18.721000
159.500000 149.500000 175.500000 150.500000 18.722000
159.500000 150.500000 175.500000 150.500000 18.759000
159.500000 150.500000 175.500000 150.500000 18.760000
159.500000 150.500000 175.500000 150.500000 18.762000
159.500000 150.500000 175.500000 150.500000 18.763000
159.500000 150.500000 175.500000 150.500000 18.765000
159.500000 150.500000 175.500000 150.500000 18.767000
159.500000 150.500000 175.500000 150.500000 18.768000
159.500000 150.500000 175.500000 150.500000 18.770000
159.500000 151.500000 175.500000 150.500000 18.771000
159.500000 151.500000 175.500000 150.500000 18.773000
159.500000 151.500000 175.500000 150.500000 18.774000
158.500000 151.500000 176.500000 152.500000 18.802000
158.500000 151.500000 176.500000 152.500000 18.803000
158.500000 151.500000 173.500000 151.500000 18.805000
158.500000 151.500000 173.500000 151.500000 18.806000
158.500000 151.500000 173.500000 151.500000 18.808000
158.500000 151.500000 173.500000 151.500000 18.809000
158.500000 151.500000 174.500000 150.500000 18.856000
158.500000 151.500000 174.500000 150.500000 18.858000
158.500000 151.500000 174.500000 150.500000 18.859000
158.500000 151.500000 174.500000 150.500000 18.861000
160.500000 152.500000 174.500000 150.500000 18.863000
159.500000 151.500000 177.500000 151.500000 18.899000
159.500000 151.500000 177.500000 151.500000 18.901000
159.500000 151.500000 177.500000 151.500000 18.902000
159.500000 151.500000 177.500000 151.500000 18.904000
158.500000 151.500000 175.500000 151.500000 18.951000
158.500000 151.500000 175.500000 151.500000 18.952000
158.500000 151.500000 175.500000 151.500000 18.954000
159.500000 150.500000 175.500000 151.500000 18.956000
159.500000 150.500000 175.500000 151.500000 18.957000
159.500000 150.500000 178.500000 150.500000 18.959000
159.500000 150.500000 178.500000 150.500000 18.960000
159.500000 150.500000 178.500000 150.500000 18.962000
159.500000 150.500000 178.500000 150.500000 18.963000
159.500000 150.500000 174.500000 149.500000 19.009000
159.500000 150.500000 176.500000 150.500000 19.010000
159.500000 150.500000 176.500000 150.500000 19.012000
159.500000 150.500000 176.500000 150.500000 19.013000
159.500000 150.500000 176.500000 150.500000 19.015000
159.500000 150.500000 176.500000 150.500000 19.017000
159.500000 150.500000 176.500000 150.500000 19.018000
157.500000 151.500000 177.500000 152.500000 19.068000
157.500000 151.500000 177.500000 152.500000 19.070000
160.500000 152.500000 177.500000 151.500000 19.096000
160.500000 152.500000 177.500000 151.500000 19.097000
160.500000 152.500000 177.500000 151.500000 19.099000
160.500000 152.500000 177.500000 151.500000 19.100000
159.500000 152.500000 177.500000 152.500000 19.114000
159.500000 152.500000 177.500000 152.500000 19.116000
159.500000 152.500000 177.500000 152.500000 19.117000
159.500000 152.500000 177.500000 152.500000 19.119000
159.500000 150.500000 177.500000 151.500000 19.146000
159.500000 150.500000 177.500000 151.500000 19.148000
159.500000 150.500000 178.500000 150.500000 19.149000
159.500000 150.500000 178.500000 150.500000 19.151000
159.500000 150.500000 178.500000 150.500000 19.152000
159.500000 150.500000 178.500000 150.500000 19.154000
159.500000 150.500000 178.500000 150.500000 19.155000
159.500000 150.500000 178.500000 150.500000 19.157000
159.500000 150.500000 176.500000 151.500000 19.158000
159.500000 150.500000 176.500000 151.500000 19.160000
159.500000 150.500000 176.500000 151.500000 19.161000
159.500000 150.500000 178.500000 150.500000 19.193000
159.500000 150.500000 178.500000 150.500000 19.195000
159.500000 150.500000 178.500000 150.500000 19.196000
159.500000 150.500000 178.500000 150.500000 19.198000
159.500000 150.500000 178.500000 150.500000 19.199000
159.500000 150.500000 178.500000 150.500000 19.224000
159.500000 150.500000 178.500000 150.500000 19.225000
159.500000 150.500000 177.500000 152.500000 19.227000
159.500000 150.500000 177.500000 152.500000 19.228000
159.500000 150.500000 177.500000 152.500000 19.230000
159.500000 150.500000 177.500000 152.500000 19.231000
159.500000 150.500000 177.500000 152.500000 19.233000
159.500000 150.500000 177.500000 152.500000 19.234000
159.500000 150.500000 178.500000 150.500000 19.236000
159.500000 150.500000 178.500000 150.500000 19.238000
159.500000 150.500000 178.500000 150.500000 19.239000
158.500000 152.500000 177.500000 152.500000 19.250000
158.500000 152.500000 177.500000 152.500000 19.251000
158.500000 152.500000 177.500000 152.500000 19.253000
158.500000 152.500000 177.500000 152.500000 19.254000
158.500000 152.500000 177.500000 152.500000 19.256000
158.500000 152.500000 177.500000 152.500000 19.257000
159.500000 150.500000 177.500000 152.500000 19.259000
159.500000 150.500000 177.500000 152.500000 19.260000
160.500000 151.500000 174.500000 152.500000 19.302000
160.500000 151.500000 174.500000 152.500000 19.303000
160.500000 151.500000 176.500000 150.500000 19.305000
160.500000 151.500000 176.500000 150.500000 19.306000
160.500000 151.500000 176.500000 150.500000 19.308000
157.500000 151.500000 176.500000 150.500000 19.309000
157.500000 151.500000 176.500000 150.500000 19.311000
159.500000 151.500000 177.500000 152.500000 19.384000
159.500000 151.500000 177.500000 152.500000 19.385000
159.500000 151.500000 177.500000 152.500000 19.387000
159.500000 151.500000 177.500000 152.500000 19.388000
159.500000 150.500000 177.500000 152.500000 19.390000
162.500000 152.500000 178.500000 151.500000 19.579000
162.500000 149.500000 176.500000 147.500000 19.590000
162.500000 149.500000 176.500000 147.500000 19.591000
162.500000 149.500000 176.500000 147.500000 19.593000
162.500000 149.500000 176.500000 147.500000 19.594000
161.500000 150.500000 176.500000 151.500000 19.608000
161.500000 150.500000 176.500000 151.500000 19.609000
161.500000 150.500000 177.500000 147.500000 19.611000
161.500000 150.500000 177.500000 147.500000 19.613000
161.500000 150.500000 177.500000 147.500000 19.614000
161.500000 150.500000 177.500000 147.500000 19.616000
161.500000 150.500000 177.500000 147.500000 19.617000
162.500000 152.500000 178.500000 150.500000 19.741000
162.500000 152.500000 178.500000 150.500000 19.742000
162.500000 152.500000 178.500000 150.500000 19.744000
162.500000 152.500000 178.500000 150.500000 19.745000
160.500000 152.500000 175.500000 150.500000 19.840000
160.500000 152.500000 175.500000 150.500000 19.841000
160.500000 152.500000 174.500000 149.500000 19.843000
160.500000 152.500000 174.500000 149.500000 19.844000
160.500000 152.500000 174.500000 149.500000 19.846000
160.500000 152.500000 174.500000 149.500000 19.847000
160.500000 152.500000 174.500000 149.500000 19.849000
160.500000 152.500000 174.500000 149.500000 19.850000
160.500000 152.500000 173.500000 154.500000 19.852000
160.500000 152.500000 173.500000 154.500000 19.853000
160.500000 152.500000 173.500000 154.500000 19.855000
160.500000 152.500000 173.500000 154.500000 19.856000
160.500000 152.500000 173.500000 154.500000 19.858000
160.500000 152.500000 174.500000 149.500000 19.859000
160.500000 152.500000 174.500000 149.500000 19.861000
160.500000 152.500000 174.500000 149.500000 19.863000
160.500000 152.500000 174.500000 149.500000 19.864000
160.500000 152.500000 175.500000 150.500000 19.875000
160.500000 152.500000 175.500000 150.500000 19.876000
160.500000 152.500000 175.500000 150.500000 19.934000
160.500000 152.500000 175.500000 150.500000 19.936000
160.500000 150.500000 176.500000 150.500000 19.945000
160.500000 150.500000 176.500000 150.500000 19.946000
160.500000 150.500000 176.500000 150.500000 19.948000
160.500000 150.500000 176.500000 150.500000 19.949000
159.500000 153.500000 176.500000 150.500000 19.951000
159.500000 153.500000 176.500000 150.500000 19.952000
160.500000 152.500000 175.500000 151.500000 20.059000
160.500000 152.500000 175.500000 151.500000 20.061000
161.500000 152.500000 174.500000 150.500000 20.085000
161.500000 152.500000 178.500000 153.500000 20.087000
161.500000 152.500000 178.500000 153.500000 20.088000
161.500000 152.500000 178.500000 153.500000 20.090000
161.500000 152.500000 178.500000 153.500000 20.091000
161.500000 152.500000 178.500000 153.500000 20.111000
161.500000 152.500000 176.500000 150.500000 20.113000
161.500000 152.500000 176.500000 150.500000 20.114000
161.500000 152.500000 176.500000 150.500000 20.116000
161.500000 152.500000 176.500000 150.500000 20.117000
161.500000 152.500000 176.500000 150.500000 20.158000
161.500000 152.500000 176.500000 150.500000 20.160000
161.500000 152.500000 176.500000 150.500000 20.161000
160.500000 152.500000 176.500000 151.500000 20.174000
160.500000 152.500000 176.500000 151.500000 20.175000
160.500000 152.500000 176.500000 151.500000 20.177000
160.500000 152.500000 176.500000 151.500000 20.178000
160.500000 152.500000 176.500000 151.500000 20.180000
160.500000 152.500000 176.500000 151.500000 20.181000
161.500000 152.500000 176.500000 150.500000 20.230000
161.500000 152.500000 176.500000 150.500000 20.231000
161.500000 152.500000 174.500000 150.500000 20.233000
161.500000 152.500000 174.500000 150.500000 20.234000
161.500000 152.500000 174.500000 150.500000 20.236000
161.500000 152.500000 174.500000 150.500000 20.238000
161.500000 152.500000 174.500000 150.500000 20.239000
160.500000 152.500000 177.500000 152.500000 20.254000
160.500000 152.500000 177.500000 152.500000 20.256000
160.500000 152.500000 177.500000 152.500000 20.257000
160.500000 152.500000 177.500000 152.500000 20.259000
160.500000 152.500000 177.500000 152.500000 20.260000
160.500000 152.500000 176.500000 150.500000 20.378000
160.500000 152.500000 176.500000 150.500000 20.379000
161.500000 152.500000 174.500000 150.500000 20.398000
161.500000 152.500000 174.500000 150.500000 20.399000
161.500000 152.500000 174.500000 150.500000 20.401000
161.500000 152.500000 174.500000 150.500000 20.402000
160.500000 150.500000 174.500000 150.500000 20.404000
160.500000 150.500000 174.500000 150.500000 20.405000
160.500000 150.500000 176.500000 150.500000 20.407000
160.500000 150.500000 176.500000 150.500000 20.408000
160.500000 150.500000 176.500000 150.500000 20.410000
160.500000 150.500000 176.500000 150.500000 20.411000
159.500000 152.500000 177.500000 151.500000 20.430000
159.500000 152.500000 177.500000 151.500000 20.431000
159.500000 152.500000 176.500000 150.500000 20.433000
159.500000 152.500000 176.500000 150.500000 20.434000
159.500000 152.500000 176.500000 150.500000 20.436000
159.500000 152.500000 176.500000 150.500000 20.437000
160.500000 150.500000 177.500000 151.500000 20.532000
160.500000 150.500000 177.500000 151.500000 20.533000
161.500000 152.500000 175.500000 153.500000 20.547000
161.500000 152.500000 175.500000 153.500000 20.549000
161.500000 152.500000 175.500000 153.500000 20.550000
161.500000 152.500000 175.500000 153.500000 20.552000
161.500000 152.500000 175.500000 153.500000 20.553000
161.500000 152.500000 174.500000 150.500000 20.567000
161.500000 152.500000 174.500000 150.500000 20.568000
161.500000 152.500000 176.500000 151.500000 20.570000
161.500000 152.500000 176.500000 151.500000 20.571000
161.500000 152.500000 176.500000 151.500000 20.573000
161.500000 152.500000 176.500000 151.500000 20.574000
161.500000 152.500000 176.500000 151.500000 20.576000
161.500000 152.500000 176.500000 151.500000 20.577000
161.500000 152.500000 176.500000 151.500000 20.579000
161.500000 152.500000 176.500000 151.500000 20.581000
161.500000 152.500000 175.500000 150.500000 20.614000
161.500000 152.500000 175.500000 150.500000 20.616000
161.500000 152.500000 175.500000 150.500000 20.617000
161.500000 152.500000 176.500000 151.500000 20.619000
161.500000 152.500000 176.500000 151.500000 20.620000
161.500000 152.500000 176.500000 151.500000 20.622000
161.500000 152.500000 176.500000 151.500000 20.623000
161.500000 152.500000 176.500000 151.500000 20.625000
161.500000 152.500000 175.500000 150.500000 20.704000
161.500000 152.500000 177.500000 151.500000 20.706000
161.500000 152.500000 177.500000 151.500000 20.707000
161.500000 152.500000 177.500000 151.500000 20.709000
161.500000 152.500000 177.500000 151.500000 20.710000
160.500000 152.500000 178.500000 154.500000 20.770000
160.500000 152.500000 178.500000 154.500000 20.771000
160.500000 152.500000 175.500000 150.500000 20.773000
160.500000 152.500000 175.500000 150.500000 20.774000
160.500000 152.500000 175.500000 150.500000 20.776000
160.500000 152.500000 175.500000 150.500000 20.777000
160.500000 152.500000 175.500000 150.500000 20.779000
160.500000 152.500000 175.500000 150.500000 20.780000
161.500000 152.500000 175.500000 150.500000 20.782000
161.500000 152.500000 175.500000 150.500000 20.783000
161.500000 152.500000 175.500000 150.500000 20.785000
161.500000 152.500000 177.500000 149.500000 20.786000
161.500000 152.500000 177.500000 149.500000 20.788000
161.500000 152.500000 177.500000 149.500000 20.789000
161.500000 152.500000 177.500000 149.500000 20.791000
160.500000 150.500000 175.500000 150.500000 20.815000
160.500000 150.500000 175.500000 150.500000 20.817000
160.500000 150.500000 175.500000 150.500000 20.818000
160.500000 150.500000 175.500000 150.500000 20.820000
160.500000 150.500000 175.500000 150.500000 20.821000
160.500000 150.500000 175.500000 150.500000 20.823000
160.500000 150.500000 175.500000 150.500000 20.824000
161.500000 152.500000 175.500000 150.500000 20.826000
161.500000 152.500000 175.500000 150.500000 20.827000
161.500000 152.500000 175.500000 150.500000 20.829000
161.500000 152.500000 175.500000 150.500000 20.831000
161.500000 152.500000 175.500000 150.500000 20.832000
161.500000 152.500000 175.500000 150.500000 20.834000
161.500000 152.500000 175.500000 150.500000 20.835000
161.500000 152.500000 175.500000 150.500000 20.837000
161.500000 152.500000 175.500000 150.500000 20.838000
161.500000 152.500000 175.500000 150.500000 20.840000
161.500000 152.500000 175.500000 150.500000 20.841000
161.500000 152.500000 175.500000 150.500000 20.843000
161.500000 152.500000 175.500000 150.500000 20.844000
161.500000 152.500000 175.500000 150.500000 20.846000
161.500000 152.500000 175.500000 150.500000 20.847000
161.500000 152.500000 175.500000 150.500000 20.849000
161.500000 152.500000 175.500000 150.500000 20.850000
160.500000 152.500000 175.500000 149.500000 20.901000
160.500000 152.500000 175.500000 149.500000 20.902000
160.500000 152.500000 175.500000 149.500000 20.904000
160.500000 152.500000 175.500000 149.500000 20.905000
160.500000 152.500000 175.500000 149.500000 20.907000
160.500000 152.500000 175.500000 149.500000 20.908000
160.500000 152.500000 175.500000 149.500000 20.910000
160.500000 152.500000 175.500000 149.500000 20.911000
160.500000 152.500000 175.500000 149.500000 20.913000
160.500000 152.500000 175.500000 149.500000 20.914000
160.500000 152.500000 175.500000 149.500000 20.916000
160.500000 152.500000 175.500000 150.500000 20.965000
160.500000 152.500000 175.500000 150.500000 20.966000
160.500000 152.500000 175.500000 150.500000 20.968000
160.500000 152.500000 176.500000 150.500000 20.969000
160.500000 152.500000 176.500000 150.500000 20.971000
160.500000 152.500000 176.500000 150.500000 20.972000
160.500000 152.500000 176.500000 150.500000 20.974000
160.500000 152.500000 176.500000 150.500000 20.975000
158.500000 150.500000 175.500000 150.500000 21.029000
158.500000 150.500000 175.500000 150.500000 21.030000
161.500000 151.500000 174.500000 149.500000 21.184000
161.500000 151.500000 174.500000 149.500000 21.186000
157.500000 149.500000 176.500000 151.500000 21.201000
157.500000 149.500000 176.500000 151.500000 21.202000
157.500000 149.500000 175.500000 149.500000 21.204000
157.500000 149.500000 175.500000 149.500000 21.206000
157.500000 149.500000 175.500000 149.500000 21.207000
157.500000 149.500000 175.500000 149.500000 21.209000
159.500000 151.500000 174.500000 150.500000 21.286000
159.500000 151.500000 174.500000 150.500000 21.288000
159.500000 151.500000 173.500000 149.500000 21.289000
159.500000 151.500000 173.500000 149.500000 21.291000
159.500000 151.500000 173.500000 149.500000 21.292000
159.500000 151.500000 173.500000 149.500000 21.294000
158.500000 151.500000 174.500000 150.500000 21.315000
158.500000 151.500000 174.500000 150.500000 21.317000
158.500000 151.500000 174.500000 150.500000 21.318000
158.500000 151.500000 174.500000 150.500000 21.320000
158.500000 151.500000 174.500000 150.500000 21.321000
159.500000 152.500000 176.500000 148.500000 21.334000
159.500000 152.500000 176.500000 148.500000 21.335000
159.500000 152.500000 176.500000 148.500000 21.337000
158.500000 151.500000 175.500000 150.500000 21.419000
158.500000 151.500000 175.500000 150.500000 21.420000
158.500000 151.500000 174.500000 149.500000 21.422000
158.500000 151.500000 174.500000 149.500000 21.424000
158.500000 151.500000 174.500000 149.500000 21.425000
158.500000 151.500000 174.500000 149.500000 21.427000
158.500000 151.500000 174.500000 149.500000 21.428000
159.500000 151.500000 176.500000 149.500000 21.442000
159.500000 151.500000 176.500000 149.500000 21.443000
159.500000 151.500000 174.500000 150.500000 21.445000
159.500000 151.500000 174.500000 150.500000 21.446000
159.500000 151.500000 174.500000 150.500000 21.448000
159.500000 151.500000 174.500000 150.500000 21.449000
159.500000 151.500000 174.500000 150.500000 21.451000
157.500000 150.500000 176.500000 149.500000 21.468000
157.500000 150.500000 176.500000 149.500000 21.469000
157.500000 150.500000 176.500000 149.500000 21.471000
157.500000 150.500000 176.500000 149.500000 21.472000
157.500000 150.500000 176.500000 149.500000 21.474000
157.500000 151.500000 176.500000 149.500000 21.475000
157.500000 151.500000 176.500000 149.500000 21.477000
157.500000 151.500000 176.500000 149.500000 21.478000
157.500000 151.500000 174.500000 151.500000 21.480000
157.500000 151.500000 174.500000 151.500000 21.481000
157.500000 151.500000 174.500000 151.500000 21.483000
157.500000 151.500000 174.500000 151.500000 21.484000
159.500000 150.500000 174.500000 151.500000 21.486000
159.500000 150.500000 174.500000 151.500000 21.488000
159.500000 151.500000 174.500000 150.500000 21.544000
159.500000 151.500000 174.500000 150.500000 21.545000
159.500000 151.500000 175.500000 150.500000 21.547000
159.500000 151.500000 175.500000 150.500000 21.549000
159.500000 151.500000 175.500000 150.500000 21.550000
160.500000 152.500000 176.500000 148.500000 21.613000
160.500000 152.500000 176.500000 148.500000 21.614000
160.500000 152.500000 174.500000 150.500000 21.616000
160.500000 152.500000 174.500000 150.500000 21.617000
160.500000 152.500000 174.500000 150.500000 21.619000
160.500000 152.500000 174.500000 150.500000 21.629000
160.500000 152.500000 174.500000 150.500000 21.631000
160.500000 152.500000 175.500000 146.500000 21.632000
160.500000 152.500000 175.500000 146.500000 21.634000
160.500000 152.500000 175.500000 146.500000 21.635000
160.500000 152.500000 175.500000 146.500000 21.637000
159.500000 152.500000 178.500000 153.500000 21.660000
159.500000 152.500000 178.500000 153.500000 21.661000
159.500000 152.500000 178.500000 153.500000 21.663000
159.500000 152.500000 178.500000 153.500000 21.664000
160.500000 152.500000 178.500000 153.500000 21.666000
160.500000 152.500000 178.500000 153.500000 21.667000
160.500000 152.500000 176.500000 151.500000 21.669000
160.500000 152.500000 176.500000 151.500000 21.670000
160.500000 152.500000 176.500000 151.500000 21.672000
159.500000 152.500000 176.500000 151.500000 21.674000
159.500000 152.500000 176.500000 151.500000 21.675000
159.500000 152.500000 176.500000 151.500000 21.677000
159.500000 152.500000 176.500000 151.500000 21.678000
159.500000 152.500000 176.500000 151.500000 21.680000
159.500000 152.500000 176.500000 151.500000 21.681000
157.500000 153.500000 175.500000 151.500000 21.733000
157.500000 153.500000 175.500000 151.500000 21.734000
157.500000 153.500000 176.500000 150.500000 21.736000
157.500000 153.500000 176.500000 150.500000 21.738000
157.500000 153.500000 176.500000 150.500000 21.739000
157.500000 153.500000 176.500000 150.500000 21.741000
159.500000 152.500000 177.500000 150.500000 21.750000
159.500000 152.500000 177.500000 150.500000 21.751000
160.500000 153.500000 177.500000 154.500000 21.767000
160.500000 153.500000 177.500000 154.500000 21.768000
160.500000 153.500000 176.500000 150.500000 21.817000
160.500000 153.500000 176.500000 150.500000 21.818000
160.500000 153.500000 175.500000 151.500000 21.820000
160.500000 153.500000 175.500000 151.500000 21.821000
160.500000 153.500000 175.500000 151.500000 21.823000
160.500000 153.500000 175.500000 151.500000 21.824000
160.500000 153.500000 175.500000 151.500000 21.826000
160.500000 153.500000 175.500000 151.500000 21.827000
160.500000 153.500000 175.500000 151.500000 21.829000
159.500000 152.500000 176.500000 153.500000 21.841000
159.500000 152.500000 176.500000 153.500000 21.843000
159.500000 152.500000 176.500000 153.500000 21.844000
159.500000 152.500000 176.500000 153.500000 21.846000
158.500000 149.500000 177.500000 150.500000 21.986000
158.500000 149.500000 177.500000 150.500000 21.988000
158.500000 149.500000 177.500000 150.500000 21.989000
158.500000 149.500000 177.500000 150.500000 21.991000
158.500000 149.500000 177.500000 150.500000 21.992000
160.500000 153.500000 175.500000 151.500000 22.087000
160.500000 153.500000 175.500000 151.500000 22.088000
159.500000 153.500000 176.500000 152.500000 22.163000
159.500000 153.500000 176.500000 152.500000 22.164000
159.500000 153.500000 176.500000 152.500000 22.166000
159.500000 153.500000 176.500000 152.500000 22.167000
158.500000 153.500000 176.500000 152.500000 22.169000
158.500000 153.500000 176.500000 152.500000 22.170000
158.500000 153.500000 176.500000 152.500000 22.172000
158.500000 153.500000 175.500000 151.500000 22.174000
158.500000 153.500000 175.500000 151.500000 22.175000
158.500000 153.500000 175.500000 151.500000 22.177000
158.500000 153.500000 175.500000 151.500000 22.178000
158.500000 153.500000 175.500000 151.500000 22.180000
160.500000 153.500000 176.500000 150.500000 22.195000
160.500000 153.500000 176.500000 150.500000 22.196000
160.500000 153.500000 176.500000 150.500000 22.198000
158.500000 153.500000 176.500000 153.500000 22.265000
158.500000 153.500000 176.500000 153.500000 22.267000
158.500000 153.500000 176.500000 153.500000 22.268000
157.500000 156.500000 176.500000 153.500000 22.270000
157.500000 156.500000 176.500000 153.500000 22.271000
157.500000 156.500000 178.500000 155.500000 22.273000
157.500000 156.500000 178.500000 155.500000 22.274000
157.500000 156.500000 178.500000 155.500000 22.276000
157.500000 156.500000 178.500000 155.500000 22.277000
158.500000 152.500000 178.500000 155.500000 22.305000
158.500000 152.500000 178.500000 155.500000 22.306000
159.500000 154.500000 175.500000 152.500000 22.338000
159.500000 154.500000 175.500000 152.500000 22.340000
159.500000 154.500000 173.500000 154.500000 22.341000
159.500000 154.500000 173.500000 154.500000 22.343000
159.500000 154.500000 173.500000 154.500000 22.344000
159.500000 154.500000 173.500000 154.500000 22.346000
156.500000 157.500000 172.500000 155.500000 22.385000
156.500000 157.500000 172.500000 155.500000 22.387000
156.500000 157.500000 172.500000 155.500000 22.388000
155.500000 154.500000 172.500000 155.500000 22.390000
155.500000 154.500000 172.500000 155.500000 22.392000
156.500000 153.500000 174.500000 154.500000 22.424000
156.500000 153.500000 174.500000 154.500000 22.425000
156.500000 156.500000 172.500000 152.500000 22.436000
156.500000 156.500000 172.500000 152.500000 22.437000
156.500000 156.500000 172.500000 152.500000 22.439000
156.500000 156.500000 172.500000 152.500000 22.440000
154.500000 156.500000 170.500000 149.500000 22.538000
154.500000 156.500000 170.500000 149.500000 22.539000
153.500000 154.500000 170.500000 152.500000 22.576000
153.500000 154.500000 170.500000 152.500000 22.577000
153.500000 154.500000 170.500000 152.500000 22.579000
154.500000 157.500000 169.500000 150.500000 22.608000
154.500000 157.500000 169.500000 150.500000 22.609000
154.500000 157.500000 169.500000 150.500000 22.611000
155.500000 155.500000 171.500000 155.500000 22.625000
155.500000 155.500000 171.500000 155.500000 22.626000
155.500000 155.500000 171.500000 155.500000 22.628000
155.500000 155.500000 171.500000 155.500000 22.629000
152.500000 155.500000 169.500000 158.500000 22.674000
152.500000 155.500000 169.500000 158.500000 22.675000
152.500000 157.500000 169.500000 155.500000 22.795000
152.500000 157.500000 169.500000 155.500000 22.797000
152.500000 157.500000 169.500000 155.500000 22.799000
151.500000 159.500000 167.500000 157.500000 22.834000
151.500000 159.500000 167.500000 157.500000 22.835000
153.500000 157.500000 168.500000 158.500000 22.846000
153.500000 157.500000 168.500000 158.500000 22.847000
153.500000 157.500000 168.500000 158.500000 22.849000
153.500000 157.500000 168.500000 158.500000 22.850000
151.500000 159.500000 167.500000 158.500000 22.869000
151.500000 159.500000 167.500000 158.500000 22.870000
151.500000 159.500000 169.500000 158.500000 22.872000
151.500000 159.500000 169.500000 158.500000 22.873000
151.500000 159.500000 169.500000 158.500000 22.875000
151.500000 159.500000 169.500000 158.500000 22.876000
151.500000 159.500000 169.500000 158.500000 22.878000
151.500000 159.500000 169.500000 158.500000 22.879000
150.500000 158.500000 169.500000 161.500000 22.916000
150.500000 158.500000 169.500000 161.500000 22.917000
150.500000 158.500000 169.500000 161.500000 22.919000
150.500000 158.500000 169.500000 161.500000 22.920000
150.500000 158.500000 169.500000 161.500000 22.922000
152.500000 159.500000 169.500000 158.500000 22.931000
152.500000 159.500000 169.500000 158.500000 22.933000
152.500000 159.500000 169.500000 158.500000 22.934000
152.500000 159.500000 169.500000 158.500000 22.936000
152.500000 159.500000 169.500000 158.500000 22.937000
150.500000 159.500000 167.500000 159.500000 22.992000
150.500000 159.500000 167.500000 159.500000 22.994000
150.500000 159.500000 167.500000 159.500000 22.995000
150.500000 159.500000 167.500000 159.500000 22.997000
149.500000 157.500000 187.500000 178.500000 23.041000
149.500000 157.500000 187.500000 178.500000 23.042000
150.500000 158.500000 166.500000 157.500000 23.087000
150.500000 158.500000 166.500000 157.500000 23.088000
150.500000 158.500000 166.500000 157.500000 23.090000
150.500000 158.500000 166.500000 157.500000 23.091000
149.500000 158.500000 166.500000 157.500000 23.093000
149.500000 158.500000 166.500000 157.500000 23.094000
150.500000 159.500000 167.500000 158.500000 23.105000
150.500000 159.500000 167.500000 158.500000 23.106000
150.500000 159.500000 167.500000 158.500000 23.108000
150.500000 159.500000 167.500000 158.500000 23.109000
149.500000 160.500000 167.500000 159.500000 23.189000
149.500000 160.500000 167.500000 159.500000 23.190000
149.500000 159.500000 165.500000 162.500000 23.230000
149.500000 159.500000 165.500000 162.500000 23.231000
149.500000 159.500000 167.500000 160.500000 23.233000
149.500000 159.500000 167.500000 160.500000 23.234000
149.500000 159.500000 167.500000 160.500000 23.236000
149.500000 159.500000 167.500000 160.500000 23.238000
148.500000 159.500000 167.500000 160.500000 23.239000
147.500000 158.500000 197.500000 149.500000 23.256000
147.500000 158.500000 197.500000 149.500000 23.257000
147.500000 158.500000 165.500000 161.500000 23.259000
147.500000 158.500000 165.500000 161.500000 23.260000
147.500000 158.500000 165.500000 161.500000 23.262000
147.500000 158.500000 165.500000 161.500000 23.263000
147.500000 158.500000 165.500000 161.500000 23.265000
147.500000 157.500000 165.500000 161.500000 23.267000
147.500000 157.500000 165.500000 161.500000 23.268000
148.500000 162.500000 166.500000 162.500000 23.367000
148.500000 162.500000 166.500000 162.500000 23.369000
148.500000 162.500000 165.500000 162.500000 23.370000
148.500000 162.500000 165.500000 162.500000 23.372000
148.500000 162.500000 165.500000 162.500000 23.373000
148.500000 162.500000 165.500000 162.500000 23.375000
119.500000 153.500000 164.500000 166.500000 23.532000
119.500000 153.500000 164.500000 166.500000 23.533000
119.500000 153.500000 164.500000 166.500000 23.535000
119.500000 153.500000 164.500000 166.500000 23.536000
144.500000 163.500000 161.500000 158.500000 23.776000
144.500000 163.500000 161.500000 158.500000 23.777000
144.500000 163.500000 161.500000 158.500000 23.779000
143.500000 169.500000 160.500000 167.500000 24.070000
143.500000 169.500000 160.500000 167.500000 24.071000
143.500000 169.500000 160.500000 163.500000 24.073000
143.500000 169.500000 160.500000 163.500000 24.074000
143.500000 169.500000 160.500000 163.500000 24.076000
143.500000 169.500000 160.500000 163.500000 24.077000
141.500000 173.500000 195.500000 174.500000 24.513000
141.500000 173.500000 195.500000 174.500000 24.515000
141.500000 173.500000 195.500000 174.500000 24.517000
139.500000 176.500000 177.500000 179.500000 24.527000
139.500000 187.500000 136.500000 186.500000 24.570000
139.500000 187.500000 136.500000 186.500000 24.571000
139.500000 187.500000 136.500000 186.500000 24.573000
139.500000 187.500000 136.500000 186.500000 24.574000
140.500000 172.500000 136.500000 186.500000 24.576000
140.500000 172.500000 136.500000 186.500000 24.577000
141.500000 170.500000 145.500000 183.500000 24.587000
141.500000 170.500000 145.500000 183.500000 24.588000
141.500000 170.500000 145.500000 183.500000 24.590000
140.500000 170.500000 145.500000 183.500000 24.591000
140.500000 170.500000 145.500000 183.500000 24.593000
140.500000 170.500000 151.500000 172.500000 24.594000
140.500000 170.500000 151.500000 172.500000 24.596000
140.500000 170.500000 151.500000 172.500000 24.597000
109.500000 177.500000 151.500000 172.500000 24.599000
109.500000 177.500000 151.500000 172.500000 24.600000
109.500000 177.500000 159.500000 173.500000 24.602000
109.500000 177.500000 159.500000 173.500000 24.603000
109.500000 177.500000 159.500000 173.500000 24.605000
109.500000 177.500000 159.500000 173.500000 24.606000
144.500000 167.500000 159.500000 173.500000 24.608000
144.500000 167.500000 159.500000 173.500000 24.609000
144.500000 167.500000 160.500000 171.500000 24.611000
144.500000 167.500000 160.500000 171.500000 24.613000
144.500000 167.500000 160.500000 171.500000 24.614000
144.500000 167.500000 160.500000 171.500000 24.616000
142.500000 165.500000 161.500000 169.500000 24.625000
142.500000 165.500000 161.500000 169.500000 24.626000
143.500000 165.500000 159.500000 161.500000 24.841000
143.500000 165.500000 159.500000 161.500000 24.843000
143.500000 165.500000 159.500000 161.500000 24.844000
113.500000 157.500000 160.500000 169.500000 26.520000
113.500000 157.500000 160.500000 169.500000 26.521000
113.500000 157.500000 160.500000 169.500000 26.523000
113.500000 157.500000 160.500000 169.500000 26.524000
141.500000 162.500000 158.500000 162.500000 27.893000
141.500000 162.500000 158.500000 162.500000 27.895000
142.500000 165.500000 160.500000 169.500000 28.574000
142.500000 165.500000 160.500000 169.500000 28.576000
142.500000 165.500000 160.500000 169.500000 28.577000
137.500000 166.500000 154.500000 162.500000 29.576000
137.500000 166.500000 154.500000 162.500000 29.577000
123.500000 155.500000 142.500000 154.500000 30.898000
123.500000 155.500000 142.500000 154.500000 30.899000
123.500000 155.500000 142.500000 154.500000 30.901000
123.500000 155.500000 142.500000 154.500000 30.902000
123.500000 155.500000 142.500000 154.500000 30.904000
131.500000 150.500000 146.500000 152.500000 31.437000
131.500000 150.500000 146.500000 152.500000 31.439000
131.500000 150.500000 146.500000 152.500000 31.440000
131.500000 150.500000 146.500000 152.500000 31.442000
139.500000 148.500000 154.500000 146.500000 32.233000
139.500000 148.500000 154.500000 146.500000 32.234000
142.500000 152.500000 159.500000 148.500000 34.803000
142.500000 152.500000 159.500000 148.500000 34.804000
142.500000 152.500000 159.500000 148.500000 34.806000
142.500000 152.500000 159.500000 148.500000 34.807000
137.500000 148.500000 153.500000 147.500000 35.766000
137.500000 148.500000 153.500000 147.500000 35.767000
137.500000 148.500000 153.500000 147.500000 35.769000
140.500000 149.500000 157.500000 148.500000 35.989000
140.500000 149.500000 157.500000 148.500000 35.990000
140.500000 149.500000 157.500000 148.500000 35.992000
140.500000 151.500000 160.500000 147.500000 36.004000
140.500000 151.500000 160.500000 147.500000 36.005000
140.500000 151.500000 160.500000 147.500000 36.007000
140.500000 151.500000 160.500000 147.500000 36.008000
141.500000 151.500000 162.500000 145.500000 36.047000
141.500000 151.500000 162.500000 145.500000 36.048000
141.500000 151.500000 162.500000 145.500000 36.050000
141.500000 149.500000 162.500000 145.500000 36.051000
141.500000 149.500000 162.500000 145.500000 36.053000
141.500000 149.500000 160.500000 148.500000 36.054000
141.500000 149.500000 160.500000 148.500000 36.056000
141.500000 149.500000 160.500000 148.500000 36.057000
140.500000 148.500000 160.500000 148.500000 36.059000
140.500000 148.500000 160.500000 148.500000 36.060000
140.500000 146.500000 155.500000 144.500000 36.182000
140.500000 146.500000 155.500000 144.500000 36.184000
140.500000 148.500000 155.500000 145.500000 36.193000
140.500000 148.500000 155.500000 145.500000 36.194000
140.500000 148.500000 155.500000 145.500000 36.196000
140.500000 148.500000 155.500000 145.500000 36.197000
141.500000 147.500000 155.500000 145.500000 36.199000
141.500000 147.500000 155.500000 145.500000 36.200000
140.500000 147.500000 154.500000 147.500000 36.313000
140.500000 147.500000 154.500000 147.500000 36.315000
140.500000 147.500000 154.500000 147.500000 36.316000
140.500000 147.500000 154.500000 147.500000 36.318000
141.500000 146.500000 159.500000 144.500000 36.620000
141.500000 146.500000 159.500000 144.500000 36.621000
134.500000 142.500000 148.500000 140.500000 37.013000
134.500000 142.500000 148.500000 140.500000 37.014000
134.500000 142.500000 150.500000 143.500000 37.025000
134.500000 142.500000 150.500000 143.500000 37.026000
134.500000 142.500000 150.500000 143.500000 37.028000
134.500000 142.500000 150.500000 143.500000 37.029000
136.500000 142.500000 150.500000 143.500000 37.031000
136.500000 142.500000 150.500000 143.500000 37.033000
142.500000 144.500000 155.500000 141.500000 38.095000
142.500000 144.500000 155.500000 141.500000 38.097000
142.500000 144.500000 155.500000 141.500000 38.099000
142.500000 144.500000 155.500000 141.500000 38.100000
141.500000 143.500000 157.500000 143.500000 39.461000
141.500000 143.500000 157.500000 143.500000 39.462000
141.500000 143.500000 157.500000 143.500000 39.464000
141.500000 143.500000 157.500000 143.500000 39.465000
140.500000 147.500000 154.500000 143.500000 39.989000
140.500000 147.500000 154.500000 143.500000 39.990000
140.500000 147.500000 154.500000 143.500000 39.992000
140.500000 147.500000 154.500000 143.500000 39.993000
