147.500000 134.500000 163.500000 137.500000 4.016000 3 2
146.500000 132.500000 163.500000 135.500000 4.047000 2 2
148.500000 132.500000 163.500000 135.500000 4.082000 2 2
148.500000 133.500000 162.500000 134.500000 4.117000 3 2
146.500000 133.500000 160.500000 136.500000 4.157000 2 2
146.500000 133.500000 161.500000 135.500000 4.196000 2 2
147.500000 134.500000 161.500000 134.500000 4.230000 2 2
146.500000 133.500000 163.500000 137.500000 4.264000 3 2
146.500000 131.500000 163.500000 137.500000 4.296000 2 2
146.500000 131.500000 163.500000 136.500000 4.328000 3 3
147.500000 134.500000 161.500000 134.500000 4.364000 2 2
147.500000 134.500000 163.500000 137.500000 4.400000 2 3
148.500000 132.500000 163.500000 137.500000 4.430000 3 2
148.500000 133.500000 160.500000 133.500000 4.463000 3 2
146.500000 133.500000 163.500000 135.500000 4.502000 2 2
149.500000 134.500000 161.500000 136.500000 4.531000 2 2
148.500000 133.500000 162.500000 135.500000 4.566000 2 2
146.500000 132.500000 162.500000 135.500000 4.606000 2 2
146.500000 132.500000 161.500000 133.500000 4.640000 3 2
146.500000 132.500000 161.500000 135.500000 4.673000 3 2
146.500000 132.500000 162.500000 134.500000 4.705000 2 2
146.500000 132.500000 160.500000 134.500000 4.738000 3 2
147.500000 131.500000 161.500000 135.500000 4.775000 2 2
147.500000 133.500000 162.500000 135.500000 4.823000 2 2
147.500000 133.500000 161.500000 135.500000 4.866000 2 2
148.500000 132.500000 163.500000 134.500000 4.903000 3 2
146.500000 131.500000 161.500000 134.500000 4.945000 2 2
148.500000 133.500000 160.500000 135.500000 4.985000 3 1
148.500000 133.500000 161.500000 135.500000 5.029000 3 2
148.500000 131.500000 161.500000 135.500000 5.061000 2 2
147.500000 130.500000 161.500000 134.500000 5.091000 3 2
147.500000 134.500000 163.500000 135.500000 5.127000 2 2
148.500000 132.500000 163.500000 135.500000 5.166000 2 2
148.500000 132.500000 163.500000 135.500000 5.203000 2 2
147.500000 132.500000 163.500000 135.500000 5.242000 2 2
147.500000 132.500000 164.500000 135.500000 5.280000 3 2
149.500000 133.500000 161.500000 134.500000 5.316000 2 2
148.500000 132.500000 163.500000 135.500000 5.358000 3 2
147.500000 131.500000 163.500000 135.500000 5.395000 2 1
148.500000 132.500000 161.500000 136.500000 5.433000 2 2
149.500000 131.500000 163.500000 135.500000 5.469000 2 2
145.500000 132.500000 163.500000 135.500000 5.506000 2 2
146.500000 132.500000 163.500000 135.500000 5.542000 3 2
147.500000 133.500000 161.500000 136.500000 5.580000 3 2
147.500000 133.500000 163.500000 135.500000 5.616000 1 2
149.500000 130.500000 162.500000 134.500000 5.656000 2 2
149.500000 130.500000 162.500000 135.500000 5.693000 2 3
148.500000 132.500000 162.500000 132.500000 5.728000 2 2
147.500000 131.500000 162.500000 135.500000 5.763000 3 2
147.500000 131.500000 163.500000 133.500000 5.797000 2 2
149.500000 132.500000 163.500000 134.500000 5.834000 3 2
147.500000 133.500000 163.500000 134.500000 5.870000 3 2
149.500000 130.500000 162.500000 135.500000 5.904000 3 2
146.500000 132.500000 161.500000 133.500000 5.939000 2 2
146.500000 132.500000 164.500000 135.500000 5.973000 2 2
149.500000 130.500000 163.500000 134.500000 6.008000 2 2
146.500000 132.500000 162.500000 135.500000 6.045000 2 2
150.500000 129.500000 163.500000 134.500000 6.081000 2 1
149.500000 130.500000 162.500000 135.500000 6.118000 3 2
148.500000 133.500000 164.500000 135.500000 6.158000 2 2
146.500000 132.500000 163.500000 136.500000 6.195000 2 2
150.500000 133.500000 162.500000 134.500000 6.232000 3 1
147.500000 131.500000 162.500000 134.500000 6.267000 2 1
148.500000 133.500000 163.500000 134.500000 6.303000 2 2
148.500000 130.500000 163.500000 134.500000 6.338000 2 2
149.500000 132.500000 162.500000 137.500000 6.375000 2 2
147.500000 132.500000 162.500000 133.500000 6.413000 2 2
148.500000 130.500000 162.500000 134.500000 6.450000 2 2
145.500000 133.500000 163.500000 132.500000 6.486000 2 2
149.500000 133.500000 162.500000 137.500000 6.593000 2 2
147.500000 133.500000 163.500000 134.500000 6.627000 3 2
149.500000 131.500000 160.500000 132.500000 6.662000 2 3
148.500000 129.500000 163.500000 134.500000 6.700000 2 2
148.500000 130.500000 162.500000 132.500000 6.735000 2 2
148.500000 130.500000 163.500000 133.500000 6.770000 3 2
147.500000 129.500000 163.500000 133.500000 6.809000 3 2
148.500000 130.500000 162.500000 132.500000 6.847000 2 2
147.500000 129.500000 162.500000 132.500000 6.884000 2 2
148.500000 130.500000 162.500000 134.500000 6.924000 2 2
148.500000 130.500000 162.500000 134.500000 6.960000 2 2
148.500000 130.500000 162.500000 135.500000 6.995000 2 2
148.500000 130.500000 163.500000 134.500000 7.031000 2 2
148.500000 130.500000 161.500000 134.500000 7.069000 2 1
148.500000 130.500000 161.500000 134.500000 7.107000 2 2
150.500000 129.500000 161.500000 134.500000 7.145000 2 2
148.500000 130.500000 163.500000 134.500000 7.182000 2 2
148.500000 131.500000 162.500000 133.500000 7.221000 2 2
149.500000 131.500000 162.500000 135.500000 7.256000 2 2
149.500000 132.500000 162.500000 133.500000 7.293000 3 2
149.500000 131.500000 163.500000 135.500000 7.331000 2 2
147.500000 131.500000 161.500000 134.500000 7.367000 2 2
147.500000 131.500000 162.500000 133.500000 7.412000 2 1
147.500000 133.500000 162.500000 133.500000 7.450000 2 1
144.500000 133.500000 163.500000 135.500000 7.487000 2 2
147.500000 131.500000 162.500000 133.500000 7.527000 2 2
149.500000 132.500000 163.500000 135.500000 7.569000 1 2
149.500000 132.500000 162.500000 133.500000 7.608000 3 2
148.500000 133.500000 162.500000 133.500000 7.646000 2 2
149.500000 132.500000 162.500000 133.500000 7.686000 3 2
147.500000 132.500000 162.500000 133.500000 7.722000 1 2
148.500000 133.500000 162.500000 133.500000 7.758000 2 2
147.500000 132.500000 164.500000 136.500000 7.798000 2 2
147.500000 132.500000 161.500000 134.500000 7.841000 2 2
147.500000 132.500000 163.500000 137.500000 7.877000 3 1
147.500000 130.500000 164.500000 136.500000 7.914000 2 2
147.500000 134.500000 164.500000 135.500000 7.954000 3 2
148.500000 133.500000 163.500000 135.500000 8.001000 3 2
148.500000 133.500000 163.500000 135.500000 8.041000 3 2
148.500000 133.500000 164.500000 136.500000 8.080000 2 1
148.500000 133.500000 162.500000 136.500000 8.117000 2 2
147.500000 131.500000 164.500000 137.500000 8.156000 2 2
146.500000 133.500000 161.500000 135.500000 8.194000 2 2
146.500000 131.500000 161.500000 135.500000 8.233000 2 2
148.500000 133.500000 162.500000 134.500000 8.268000 2 2
149.500000 134.500000 161.500000 135.500000 8.312000 2 2
149.500000 135.500000 162.500000 134.500000 8.353000 3 2
149.500000 132.500000 161.500000 135.500000 8.388000 2 2
147.500000 133.500000 164.500000 133.500000 8.428000 2 2
146.500000 131.500000 161.500000 134.500000 8.465000 2 3
147.500000 132.500000 162.500000 133.500000 8.506000 3 2
148.500000 133.500000 161.500000 134.500000 8.548000 2 2
146.500000 131.500000 162.500000 132.500000 8.586000 3 3
147.500000 131.500000 161.500000 133.500000 8.621000 2 3
148.500000 128.500000 162.500000 131.500000 8.657000 3 2
148.500000 131.500000 163.500000 132.500000 8.693000 2 1
147.500000 130.500000 162.500000 133.500000 8.732000 2 2
146.500000 128.500000 163.500000 132.500000 8.774000 2 2
146.500000 128.500000 162.500000 130.500000 8.813000 3 2
147.500000 129.500000 162.500000 131.500000 8.855000 2 2
147.500000 127.500000 163.500000 131.500000 8.891000 3 2
149.500000 128.500000 162.500000 130.500000 8.926000 3 2
147.500000 126.500000 163.500000 130.500000 8.964000 2 2
147.500000 126.500000 160.500000 130.500000 9.002000 2 2
148.500000 126.500000 160.500000 130.500000 9.041000 2 2
147.500000 127.500000 161.500000 129.500000 9.078000 2 2
147.500000 127.500000 161.500000 130.500000 9.119000 2 2
147.500000 126.500000 162.500000 128.500000 9.155000 3 2
147.500000 125.500000 162.500000 127.500000 9.190000 2 2
149.500000 125.500000 162.500000 127.500000 9.228000 3 2
147.500000 125.500000 163.500000 128.500000 9.268000 2 2
147.500000 123.500000 162.500000 126.500000 9.311000 2 3
146.500000 124.500000 164.500000 127.500000 9.347000 2 2
147.500000 123.500000 162.500000 126.500000 9.386000 2 2
147.500000 123.500000 162.500000 128.500000 9.427000 2 2
147.500000 124.500000 160.500000 128.500000 9.469000 2 2
147.500000 124.500000 164.500000 126.500000 9.511000 3 1
148.500000 123.500000 163.500000 125.500000 9.549000 2 2
146.500000 124.500000 161.500000 126.500000 9.584000 3 2
148.500000 122.500000 161.500000 126.500000 9.622000 2 2
148.500000 122.500000 164.500000 126.500000 9.658000 2 2
147.500000 121.500000 161.500000 126.500000 9.696000 2 2
148.500000 123.500000 161.500000 126.500000 9.742000 3 1
147.500000 122.500000 161.500000 123.500000 9.775000 2 2
145.500000 121.500000 160.500000 123.500000 9.813000 2 2
148.500000 121.500000 160.500000 123.500000 9.851000 3 2
147.500000 122.500000 161.500000 123.500000 9.890000 2 2
148.500000 121.500000 161.500000 122.500000 9.938000 2 2
148.500000 121.500000 161.500000 125.500000 9.986000 2 2
146.500000 119.500000 160.500000 125.500000 10.022000 2 2
145.500000 123.500000 161.500000 125.500000 10.059000 2 3
146.500000 120.500000 160.500000 122.500000 10.098000 2 2
149.500000 122.500000 161.500000 121.500000 10.144000 2 1
146.500000 121.500000 163.500000 122.500000 10.185000 2 1
149.500000 122.500000 161.500000 121.500000 10.225000 2 2
145.500000 120.500000 158.500000 124.500000 10.266000 2 2
149.500000 121.500000 160.500000 123.500000 10.308000 2 2
148.500000 119.500000 160.500000 123.500000 10.344000 2 2
149.500000 120.500000 158.500000 123.500000 10.383000 2 2
148.500000 119.500000 158.500000 123.500000 10.424000 2 2
148.500000 119.500000 160.500000 123.500000 10.461000 2 2
149.500000 120.500000 159.500000 125.500000 10.501000 3 2
148.500000 119.500000 158.500000 122.500000 10.540000 2 2
148.500000 120.500000 160.500000 123.500000 10.576000 2 2
145.500000 120.500000 160.500000 123.500000 10.616000 3 2
146.500000 120.500000 158.500000 123.500000 10.656000 2 1
146.500000 120.500000 163.500000 122.500000 10.698000 3 2
147.500000 121.500000 162.500000 123.500000 10.740000 2 1
148.500000 119.500000 158.500000 124.500000 10.780000 2 2
146.500000 120.500000 163.500000 122.500000 10.820000 2 1
146.500000 120.500000 163.500000 122.500000 10.856000 2 2
148.500000 120.500000 159.500000 125.500000 10.892000 2 2
149.500000 125.500000 161.500000 124.500000 10.929000 2 2
145.500000 123.500000 158.500000 125.500000 10.971000 2 2
146.500000 122.500000 162.500000 125.500000 11.011000 2 2
150.500000 122.500000 161.500000 123.500000 11.050000 2 2
147.500000 120.500000 158.500000 125.500000 11.089000 2 2
149.500000 122.500000 161.500000 122.500000 11.129000 1 2
146.500000 122.500000 159.500000 125.500000 11.165000 2 2
149.500000 120.500000 158.500000 124.500000 11.202000 2 2
148.500000 121.500000 160.500000 123.500000 11.241000 2 2
147.500000 120.500000 160.500000 123.500000 11.285000 2 2
146.500000 121.500000 158.500000 124.500000 11.330000 2 2
148.500000 121.500000 160.500000 123.500000 11.367000 3 2
146.500000 122.500000 158.500000 124.500000 11.403000 2 2
147.500000 120.500000 161.500000 121.500000 11.441000 3 2
146.500000 121.500000 158.500000 124.500000 11.476000 2 2
146.500000 121.500000 158.500000 124.500000 11.512000 2 2
145.500000 123.500000 158.500000 124.500000 11.552000 3 2
146.500000 123.500000 158.500000 124.500000 11.586000 3 2
147.500000 122.500000 158.500000 124.500000 11.630000 2 3
145.500000 121.500000 158.500000 124.500000 11.685000 2 2
147.500000 122.500000 158.500000 124.500000 11.721000 2 2
147.500000 122.500000 158.500000 124.500000 11.764000 2 2
147.500000 122.500000 160.500000 125.500000 11.809000 2 1
146.500000 122.500000 160.500000 125.500000 11.851000 2 1
149.500000 121.500000 160.500000 125.500000 11.890000 3 2
147.500000 122.500000 160.500000 125.500000 11.927000 3 2
147.500000 122.500000 158.500000 124.500000 11.967000 2 2
146.500000 120.500000 158.500000 124.500000 12.007000 2 1
147.500000 122.500000 160.500000 125.500000 12.045000 2 2
147.500000 122.500000 158.500000 124.500000 12.086000 2 2
147.500000 122.500000 158.500000 124.500000 12.129000 3 2
147.500000 122.500000 161.500000 122.500000 12.172000 3 2
147.500000 122.500000 161.500000 122.500000 12.212000 2 2
147.500000 122.500000 159.500000 123.500000 12.251000 2 2
147.500000 122.500000 158.500000 124.500000 12.288000 2 2
145.500000 121.500000 161.500000 126.500000 12.326000 2 2
148.500000 122.500000 158.500000 125.500000 12.366000 3 2
146.500000 124.500000 161.500000 127.500000 12.402000 2 2
147.500000 124.500000 161.500000 125.500000 12.441000 2 1
147.500000 126.500000 161.500000 126.500000 12.474000 3 2
147.500000 124.500000 158.500000 126.500000 12.516000 2 3
148.500000 123.500000 158.500000 126.500000 12.552000 3 2
150.500000 123.500000 159.500000 125.500000 12.590000 3 2
148.500000 124.500000 159.500000 125.500000 12.629000 2 2
148.500000 124.500000 160.500000 127.500000 12.668000 2 2
148.500000 123.500000 160.500000 127.500000 12.707000 2 2
148.500000 125.500000 160.500000 127.500000 12.743000 2 2
149.500000 122.500000 158.500000 126.500000 12.782000 3 2
149.500000 122.500000 158.500000 126.500000 12.824000 2 2
149.500000 122.500000 159.500000 125.500000 12.867000 2 2
149.500000 122.500000 161.500000 126.500000 12.909000 3 3
148.500000 123.500000 161.500000 125.500000 12.945000 2 2
149.500000 122.500000 163.500000 126.500000 12.980000 3 2
149.500000 122.500000 160.500000 125.500000 13.019000 2 2
149.500000 122.500000 161.500000 125.500000 13.060000 3 2
149.500000 122.500000 160.500000 125.500000 13.099000 2 2
149.500000 125.500000 160.500000 125.500000 13.139000 2 2
149.500000 122.500000 160.500000 125.500000 13.182000 2 2
149.500000 124.500000 158.500000 125.500000 13.230000 2 2
146.500000 123.500000 160.500000 125.500000 13.261000 3 2
149.500000 122.500000 162.500000 127.500000 13.297000 3 2
149.500000 122.500000 160.500000 125.500000 13.332000 2 1
148.500000 123.500000 160.500000 125.500000 13.367000 3 1
148.500000 123.500000 160.500000 125.500000 13.410000 4 2
148.500000 123.500000 160.500000 126.500000 13.452000 2 2
149.500000 122.500000 159.500000 124.500000 13.487000 3 2
145.500000 124.500000 161.500000 126.500000 13.520000 2 2
145.500000 124.500000 161.500000 126.500000 13.551000 2 1
146.500000 123.500000 161.500000 126.500000 13.586000 2 2
147.500000 125.500000 160.500000 126.500000 13.617000 2 2
147.500000 125.500000 160.500000 126.500000 13.654000 3 3
147.500000 125.500000 162.500000 127.500000 13.695000 3 2
149.500000 122.500000 161.500000 126.500000 13.735000 2 2
149.500000 122.500000 160.500000 126.500000 13.768000 2 2
147.500000 123.500000 161.500000 126.500000 13.801000 2 2
149.500000 122.500000 160.500000 126.500000 13.838000 2 1
147.500000 125.500000 161.500000 126.500000 13.877000 3 3
148.500000 124.500000 160.500000 125.500000 13.916000 2 2
147.500000 123.500000 160.500000 126.500000 13.951000 3 3
147.500000 123.500000 160.500000 126.500000 13.990000 2 2
147.500000 123.500000 160.500000 125.500000 14.028000 2 2
147.500000 123.500000 160.500000 126.500000 14.067000 2 2
148.500000 124.500000 164.500000 125.500000 14.103000 3 1
147.500000 124.500000 161.500000 127.500000 14.139000 2 2
147.500000 123.500000 162.500000 127.500000 14.174000 3 2
147.500000 123.500000 161.500000 127.500000 14.212000 2 2
147.500000 123.500000 160.500000 124.500000 14.250000 2 1
147.500000 125.500000 163.500000 124.500000 14.289000 2 2
147.500000 122.500000 159.500000 126.500000 14.323000 2 2
147.500000 123.500000 160.500000 124.500000 14.359000 2 2
147.500000 123.500000 160.500000 124.500000 14.390000 3 2
147.500000 123.500000 161.500000 126.500000 14.425000 2 1
149.500000 123.500000 162.500000 124.500000 14.467000 2 2
148.500000 122.500000 158.500000 127.500000 14.504000 2 2
147.500000 123.500000 158.500000 124.500000 14.539000 2 2
147.500000 123.500000 161.500000 125.500000 14.573000 1 2
149.500000 123.500000 161.500000 125.500000 14.611000 2 2
149.500000 123.500000 158.500000 124.500000 14.649000 2 2
149.500000 123.500000 158.500000 127.500000 14.683000 2 2
149.500000 123.500000 161.500000 125.500000 14.718000 2 2
146.500000 124.500000 160.500000 124.500000 14.756000 2 2
146.500000 123.500000 161.500000 125.500000 14.790000 2 2
146.500000 123.500000 161.500000 125.500000 14.834000 3 2
146.500000 122.500000 161.500000 125.500000 14.874000 3 2
149.500000 123.500000 164.500000 126.500000 14.909000 2 2
149.500000 124.500000 164.500000 126.500000 14.951000 2 2
149.500000 124.500000 161.500000 125.500000 14.984000 2 2
149.500000 124.500000 160.500000 125.500000 15.020000 2 2
149.500000 123.500000 161.500000 124.500000 15.060000 3 2
146.500000 124.500000 160.500000 124.500000 15.100000 2 2
148.500000 125.500000 164.500000 126.500000 15.148000 2 2
146.500000 124.500000 163.500000 124.500000 15.182000 2 1
146.500000 124.500000 161.500000 125.500000 15.222000 3 3
146.500000 124.500000 159.500000 126.500000 15.262000 2 2
146.500000 124.500000 160.500000 124.500000 15.308000 2 2
147.500000 125.500000 161.500000 125.500000 15.349000 2 2
146.500000 124.500000 163.500000 127.500000 15.388000 2 2
149.500000 125.500000 162.500000 126.500000 15.431000 2 2
149.500000 125.500000 162.500000 126.500000 15.474000 2 2
149.500000 125.500000 162.500000 128.500000 15.520000 2 2
151.500000 126.500000 164.500000 126.500000 15.564000 2 1
151.500000 126.500000 163.500000 127.500000 15.623000 3 2
149.500000 127.500000 162.500000 128.500000 15.666000 2 2
150.500000 127.500000 163.500000 127.500000 15.709000 1 2
154.500000 126.500000 167.500000 127.500000 15.748000 2 2
153.500000 128.500000 165.500000 131.500000 15.789000 2 2
152.500000 130.500000 164.500000 133.500000 15.828000 2 2
154.500000 128.500000 167.500000 132.500000 15.866000 3 2
153.500000 130.500000 170.500000 133.500000 15.923000 2 2
154.500000 129.500000 169.500000 132.500000 15.962000 2 2
153.500000 131.500000 169.500000 132.500000 15.999000 3 2
154.500000 130.500000 167.500000 132.500000 16.036000 3 2
155.500000 130.500000 168.500000 131.500000 16.079000 3 2
156.500000 128.500000 170.500000 133.500000 16.118000 1 2
155.500000 131.500000 170.500000 133.500000 16.153000 2 3
155.500000 129.500000 168.500000 133.500000 16.193000 2 2
156.500000 129.500000 169.500000 134.500000 16.229000 2 2
156.500000 131.500000 171.500000 133.500000 16.265000 2 2
158.500000 131.500000 170.500000 134.500000 16.311000 2 2
157.500000 132.500000 171.500000 133.500000 16.353000 2 2
157.500000 132.500000 171.500000 135.500000 16.393000 2 2
160.500000 133.500000 171.500000 135.500000 16.429000 2 2
158.500000 133.500000 172.500000 137.500000 16.467000 3 2
158.500000 135.500000 173.500000 136.500000 16.505000 2 2
160.500000 136.500000 174.500000 139.500000 16.539000 3 2
161.500000 136.500000 176.500000 137.500000 16.580000 1 1
162.500000 138.500000 175.500000 138.500000 16.619000 2 2
162.500000 135.500000 174.500000 139.500000 16.655000 1 2
161.500000 134.500000 173.500000 135.500000 16.690000 2 2
162.500000 135.500000 173.500000 138.500000 16.727000 1 2
160.500000 135.500000 175.500000 138.500000 16.761000 3 2
163.500000 134.500000 175.500000 138.500000 16.800000 2 2
161.500000 136.500000 177.500000 139.500000 16.840000 3 2
162.500000 137.500000 176.500000 139.500000 16.876000 2 2
160.500000 135.500000 176.500000 141.500000 16.911000 2 2
162.500000 137.500000 176.500000 139.500000 16.950000 2 1
162.500000 135.500000 176.500000 139.500000 16.986000 1 1
162.500000 135.500000 176.500000 141.500000 17.024000 2 2
162.500000 134.500000 175.500000 138.500000 17.064000 2 1
164.500000 135.500000 176.500000 140.500000 17.105000 2 2
162.500000 137.500000 178.500000 139.500000 17.145000 2 1
164.500000 137.500000 180.500000 138.500000 17.182000 2 2
164.500000 138.500000 177.500000 141.500000 17.222000 2 2
163.500000 139.500000 179.500000 140.500000 17.261000 2 1
163.500000 139.500000 179.500000 140.500000 17.298000 2 1
165.500000 136.500000 176.500000 139.500000 17.334000 1 1
164.500000 138.500000 179.500000 141.500000 17.368000 2 2
165.500000 137.500000 179.500000 141.500000 17.403000 2 1
164.500000 136.500000 180.500000 139.500000 17.439000 1 2
165.500000 138.500000 179.500000 141.500000 17.477000 3 1
164.500000 136.500000 179.500000 141.500000 17.511000 1 2
164.500000 136.500000 180.500000 142.500000 17.547000 1 2
164.500000 139.500000 179.500000 140.500000 17.584000 2 1
165.500000 137.500000 179.500000 139.500000 17.622000 1 1
163.500000 136.500000 179.500000 140.500000 17.666000 1 2
163.500000 136.500000 178.500000 140.500000 17.706000 2 2
165.500000 137.500000 178.500000 141.500000 17.748000 2 1
165.500000 137.500000 179.500000 140.500000 17.792000 2 2
161.500000 139.500000 179.500000 140.500000 17.844000 2 1
166.500000 141.500000 170.500000 153.500000 17.883000 1 1
163.500000 135.500000 218.500000 187.500000 17.957000 1 1
164.500000 134.500000 180.500000 139.500000 17.997000 2 2
161.500000 135.500000 181.500000 136.500000 18.034000 3 1
163.500000 136.500000 181.500000 136.500000 18.075000 1 1
161.500000 135.500000 180.500000 140.500000 18.110000 2 1
163.500000 134.500000 178.500000 141.500000 18.148000 1 2
163.500000 134.500000 178.500000 140.500000 18.191000 1 1
163.500000 136.500000 180.500000 139.500000 18.230000 2 2
164.500000 137.500000 181.500000 138.500000 18.266000 1 2
163.500000 134.500000 179.500000 139.500000 18.306000 1 2
164.500000 139.500000 177.500000 137.500000 18.346000 1 1
163.500000 138.500000 177.500000 141.500000 18.385000 1 1
163.500000 138.500000 176.500000 137.500000 18.432000 2 2
164.500000 136.500000 177.500000 141.500000 18.475000 2 2
161.500000 139.500000 177.500000 141.500000 18.513000 2 2
162.500000 134.500000 180.500000 139.500000 18.551000 1 2
162.500000 138.500000 178.500000 138.500000 18.588000 2 2
163.500000 136.500000 177.500000 137.500000 18.624000 1 1
162.500000 134.500000 178.500000 138.500000 18.653000 1 2
162.500000 136.500000 180.500000 139.500000 18.688000 1 2
163.500000 136.500000 179.500000 139.500000 18.731000 2 1
163.500000 136.500000 176.500000 138.500000 18.775000 1 2
162.500000 136.500000 177.500000 139.500000 18.818000 1 2
162.500000 136.500000 179.500000 139.500000 18.851000 2 1
162.500000 134.500000 179.500000 139.500000 18.887000 2 1
162.500000 134.500000 178.500000 140.500000 18.926000 1 1
162.500000 134.500000 179.500000 139.500000 18.955000 1 1
162.500000 134.500000 178.500000 139.500000 18.995000 1 1
162.500000 134.500000 179.500000 139.500000 19.035000 1 1
162.500000 134.500000 179.500000 139.500000 19.074000 1 1
162.500000 134.500000 177.500000 136.500000 19.119000 2 2
162.500000 134.500000 179.500000 139.500000 19.160000 1 1
163.500000 137.500000 177.500000 139.500000 19.200000 1 2
162.500000 136.500000 177.500000 139.500000 19.239000 1 2
163.500000 137.500000 180.500000 139.500000 19.307000 1 2
164.500000 134.500000 178.500000 138.500000 19.346000 1 2
162.500000 136.500000 177.500000 139.500000 19.386000 1 1
160.500000 135.500000 178.500000 139.500000 19.425000 1 2
163.500000 136.500000 180.500000 139.500000 19.464000 1 1
162.500000 134.500000 177.500000 139.500000 19.506000 1 1
162.500000 134.500000 177.500000 139.500000 19.548000 1 2
162.500000 134.500000 178.500000 139.500000 19.592000 1 1
162.500000 137.500000 179.500000 140.500000 19.635000 2 2
161.500000 138.500000 179.500000 138.500000 19.677000 2 2
164.500000 134.500000 179.500000 138.500000 19.708000 1 1
163.500000 135.500000 178.500000 137.500000 19.741000 1 2
161.500000 140.500000 179.500000 137.500000 19.787000 2 1
163.500000 135.500000 179.500000 137.500000 19.824000 1 2
162.500000 135.500000 176.500000 139.500000 19.861000 1 2
162.500000 137.500000 179.500000 137.500000 19.902000 2 1
162.500000 137.500000 177.500000 138.500000 19.948000 1 1
162.500000 137.500000 176.500000 140.500000 19.987000 2 2
163.500000 134.500000 176.500000 140.500000 20.030000 2 1
163.500000 138.500000 180.500000 137.500000 20.067000 1 2
161.500000 137.500000 178.500000 139.500000 20.107000 1 1
162.500000 136.500000 179.500000 140.500000 20.149000 1 2
162.500000 136.500000 177.500000 139.500000 20.190000 2 2
162.500000 137.500000 178.500000 138.500000 20.225000 1 2
162.500000 134.500000 177.500000 140.500000 20.266000 2 1
163.500000 136.500000 176.500000 139.500000 20.307000 1 1
163.500000 136.500000 178.500000 138.500000 20.344000 2 1
163.500000 136.500000 178.500000 138.500000 20.382000 2 1
163.500000 135.500000 176.500000 140.500000 20.420000 2 1
163.500000 135.500000 176.500000 138.500000 20.461000 1 2
160.500000 135.500000 175.500000 142.500000 20.524000 2 1
163.500000 136.500000 178.500000 138.500000 20.563000 1 2
161.500000 137.500000 176.500000 137.500000 20.604000 2 1
162.500000 135.500000 179.500000 139.500000 20.642000 1 1
163.500000 136.500000 176.500000 140.500000 20.684000 1 2
163.500000 136.500000 177.500000 139.500000 20.726000 1 1
163.500000 136.500000 178.500000 138.500000 20.770000 2 2
161.500000 137.500000 177.500000 141.500000 20.811000 2 1
163.500000 136.500000 177.500000 138.500000 20.853000 1 1
162.500000 138.500000 179.500000 139.500000 20.892000 1 2
163.500000 136.500000 179.500000 139.500000 20.933000 1 2
161.500000 137.500000 177.500000 139.500000 20.973000 3 2
162.500000 138.500000 178.500000 140.500000 21.014000 1 1
162.500000 135.500000 177.500000 138.500000 21.056000 1 1
163.500000 136.500000 177.500000 138.500000 21.104000 1 2
163.500000 136.500000 178.500000 138.500000 21.150000 2 2
162.500000 136.500000 176.500000 137.500000 21.189000 1 2
163.500000 135.500000 178.500000 140.500000 21.231000 1 2
161.500000 140.500000 177.500000 141.500000 21.277000 1 2
162.500000 136.500000 177.500000 141.500000 21.320000 2 1
163.500000 137.500000 177.500000 138.500000 21.356000 1 1
163.500000 138.500000 177.500000 141.500000 21.395000 1 2
163.500000 138.500000 176.500000 140.500000 21.436000 2 2
163.500000 135.500000 176.500000 140.500000 21.473000 1 1
163.500000 138.500000 178.500000 139.500000 21.509000 1 1
163.500000 137.500000 178.500000 139.500000 21.547000 2 2
163.500000 138.500000 176.500000 140.500000 21.585000 1 2
164.500000 138.500000 176.500000 140.500000 21.625000 2 1
163.500000 136.500000 178.500000 140.500000 21.668000 2 1
163.500000 136.500000 179.500000 138.500000 21.707000 2 2
162.500000 138.500000 178.500000 140.500000 21.744000 1 2
162.500000 138.500000 179.500000 138.500000 21.786000 2 1
163.500000 138.500000 179.500000 138.500000 21.826000 2 1
162.500000 138.500000 179.500000 140.500000 21.867000 1 1
162.500000 138.500000 179.500000 138.500000 21.911000 1 2
161.500000 137.500000 177.500000 138.500000 21.952000 1 2
162.500000 135.500000 179.500000 138.500000 21.990000 1 1
163.500000 137.500000 179.500000 138.500000 22.028000 2 1
162.500000 137.500000 179.500000 138.500000 22.067000 1 2
163.500000 137.500000 177.500000 138.500000 22.101000 2 1
163.500000 137.500000 177.500000 138.500000 22.134000 2 2
163.500000 137.500000 177.500000 138.500000 22.178000 1 2
163.500000 137.500000 179.500000 138.500000 22.214000 2 1
163.500000 137.500000 177.500000 139.500000 22.252000 2 1
161.500000 138.500000 178.500000 139.500000 22.288000 3 1
163.500000 139.500000 178.500000 140.500000 22.326000 2 2
162.500000 138.500000 175.500000 139.500000 22.361000 1 1
161.500000 135.500000 177.500000 140.500000 22.393000 3 1
163.500000 137.500000 178.500000 142.500000 22.427000 2 2
160.500000 138.500000 175.500000 141.500000 22.466000 2 1
160.500000 140.500000 175.500000 142.500000 22.504000 2 2
160.500000 139.500000 175.500000 141.500000 22.548000 1 2
161.500000 139.500000 173.500000 141.500000 22.596000 2 1
160.500000 140.500000 175.500000 143.500000 22.638000 1 1
160.500000 139.500000 175.500000 143.500000 22.673000 2 1
159.500000 140.500000 176.500000 144.500000 22.708000 2 2
160.500000 141.500000 174.500000 144.500000 22.746000 3 1
158.500000 138.500000 174.500000 144.500000 22.787000 2 1
158.500000 141.500000 172.500000 143.500000 22.833000 2 1
158.500000 140.500000 172.500000 143.500000 22.871000 2 1
158.500000 140.500000 172.500000 140.500000 22.909000 2 2
158.500000 141.500000 172.500000 145.500000 22.941000 2 2
157.500000 143.500000 171.500000 145.500000 22.986000 2 1
156.500000 143.500000 172.500000 144.500000 23.035000 2 1
156.500000 142.500000 172.500000 147.500000 23.072000 2 1
154.500000 143.500000 171.500000 146.500000 23.104000 2 2
154.500000 140.500000 171.500000 146.500000 23.141000 1 2
153.500000 142.500000 169.500000 145.500000 23.178000 2 1
153.500000 143.500000 171.500000 147.500000 23.214000 1 2
154.500000 143.500000 171.500000 146.500000 23.258000 1 1
154.500000 143.500000 169.500000 145.500000 23.298000 3 1
153.500000 143.500000 168.500000 147.500000 23.336000 3 2
151.500000 145.500000 167.500000 147.500000 23.391000 2 2
153.500000 145.500000 170.500000 147.500000 23.429000 2 1
153.500000 146.500000 166.500000 149.500000 23.466000 1 2
151.500000 144.500000 166.500000 148.500000 23.504000 2 2
152.500000 144.500000 168.500000 149.500000 23.544000 2 1
152.500000 146.500000 166.500000 148.500000 23.584000 1 2
149.500000 145.500000 167.500000 148.500000 23.625000 2 2
151.500000 147.500000 165.500000 151.500000 23.663000 1 2
150.500000 146.500000 166.500000 148.500000 23.702000 2 1
149.500000 145.500000 166.500000 149.500000 23.736000 2 2
149.500000 144.500000 166.500000 148.500000 23.775000 2 1
149.500000 145.500000 165.500000 149.500000 23.817000 2 2
149.500000 146.500000 165.500000 150.500000 23.858000 1 2
148.500000 145.500000 166.500000 149.500000 23.898000 2 1
149.500000 147.500000 162.500000 151.500000 23.937000 2 2
148.500000 150.500000 164.500000 150.500000 23.975000 2 2
148.500000 147.500000 164.500000 151.500000 24.013000 2 1
146.500000 146.500000 163.500000 153.500000 24.055000 1 2
145.500000 150.500000 161.500000 152.500000 24.099000 2 2
147.500000 149.500000 160.500000 148.500000 24.142000 2 2
146.500000 152.500000 161.500000 153.500000 24.177000 2 2
147.500000 153.500000 162.500000 153.500000 24.219000 2 2
145.500000 149.500000 162.500000 153.500000 24.260000 2 1
144.500000 154.500000 162.500000 153.500000 24.301000 2 2
145.500000 149.500000 162.500000 153.500000 24.341000 2 3
145.500000 149.500000 162.500000 153.500000 24.380000 2 2
145.500000 149.500000 161.500000 155.500000 24.424000 2 2
145.500000 150.500000 163.500000 152.500000 24.465000 1 2
145.500000 148.500000 160.500000 149.500000 24.505000 2 2
146.500000 149.500000 160.500000 155.500000 24.546000 2 2
146.500000 149.500000 160.500000 155.500000 24.585000 2 2
145.500000 151.500000 162.500000 152.500000 24.629000 2 1
145.500000 151.500000 161.500000 152.500000 24.679000 1 3
145.500000 149.500000 163.500000 154.500000 24.725000 2 2
145.500000 149.500000 163.500000 154.500000 24.776000 2 2
146.500000 148.500000 161.500000 157.500000 24.816000 2 2
145.500000 149.500000 162.500000 155.500000 24.859000 2 2
145.500000 147.500000 162.500000 153.500000 24.897000 2 2
145.500000 153.500000 163.500000 151.500000 24.936000 2 1
146.500000 148.500000 163.500000 151.500000 24.977000 2 1
146.500000 148.500000 161.500000 149.500000 25.029000 2 2
146.500000 148.500000 161.500000 154.500000 25.095000 2 2
146.500000 148.500000 161.500000 148.500000 25.134000 2 2
146.500000 148.500000 161.500000 154.500000 25.171000 2 2
147.500000 148.500000 163.500000 151.500000 25.227000 2 2
146.500000 149.500000 163.500000 152.500000 25.269000 2 2
147.500000 149.500000 162.500000 150.500000 25.309000 2 2
145.500000 153.500000 162.500000 150.500000 25.348000 2 2
144.500000 149.500000 161.500000 151.500000 25.387000 1 2
145.500000 147.500000 160.500000 152.500000 25.428000 2 2
145.500000 151.500000 163.500000 154.500000 25.467000 2 2
143.500000 148.500000 163.500000 151.500000 25.507000 1 2
146.500000 148.500000 163.500000 151.500000 25.555000 2 2
145.500000 148.500000 163.500000 153.500000 25.595000 2 1
144.500000 149.500000 163.500000 153.500000 25.645000 2 2
144.500000 149.500000 161.500000 152.500000 25.691000 2 2
145.500000 148.500000 163.500000 153.500000 25.751000 2 2
145.500000 147.500000 162.500000 153.500000 25.789000 2 1
144.500000 152.500000 163.500000 151.500000 25.830000 2 2
145.500000 149.500000 161.500000 151.500000 25.872000 2 2
145.500000 149.500000 161.500000 151.500000 25.910000 2 1
146.500000 146.500000 163.500000 150.500000 25.954000 2 2
146.500000 146.500000 162.500000 153.500000 25.993000 2 3
146.500000 147.500000 163.500000 154.500000 26.023000 2 2
145.500000 147.500000 162.500000 152.500000 26.066000 1 1
145.500000 147.500000 162.500000 153.500000 26.100000 2 3
145.500000 147.500000 162.500000 152.500000 26.134000 2 2
145.500000 147.500000 161.500000 151.500000 26.179000 2 2
145.500000 147.500000 162.500000 151.500000 26.214000 2 2
145.500000 147.500000 159.500000 151.500000 26.245000 2 2
145.500000 147.500000 161.500000 151.500000 26.280000 2 3
145.500000 147.500000 161.500000 151.500000 26.319000 2 2
145.500000 149.500000 159.500000 149.500000 26.352000 2 2
144.500000 149.500000 163.500000 152.500000 26.388000 2 2
145.500000 147.500000 161.500000 152.500000 26.424000 2 3
145.500000 149.500000 160.500000 152.500000 26.464000 2 2
143.500000 148.500000 161.500000 149.500000 26.505000 2 1
144.500000 149.500000 159.500000 152.500000 26.542000 2 2
146.500000 148.500000 163.500000 150.500000 26.573000 2 2
145.500000 150.500000 162.500000 151.500000 26.607000 2 2
144.500000 149.500000 159.500000 149.500000 26.648000 2 2
145.500000 147.500000 162.500000 151.500000 26.689000 1 2
145.500000 150.500000 161.500000 152.500000 26.727000 2 2
145.500000 147.500000 158.500000 150.500000 26.785000 2 2
145.500000 151.500000 162.500000 151.500000 26.821000 2 2
146.500000 148.500000 161.500000 151.500000 26.865000 2 2
145.500000 147.500000 162.500000 151.500000 26.903000 2 2
145.500000 147.500000 162.500000 151.500000 26.953000 2 2
145.500000 147.500000 162.500000 151.500000 26.995000 2 1
145.500000 147.500000 162.500000 151.500000 27.037000 2 2
144.500000 148.500000 162.500000 152.500000 27.078000 1 2
146.500000 149.500000 160.500000 150.500000 27.128000 2 2
145.500000 147.500000 161.500000 154.500000 27.191000 1 2
145.500000 151.500000 162.500000 152.500000 27.227000 2 1
147.500000 147.500000 161.500000 154.500000 27.276000 2 2
147.500000 146.500000 160.500000 151.500000 27.314000 2 3
147.500000 148.500000 162.500000 152.500000 27.357000 2 2
144.500000 153.500000 160.500000 150.500000 27.402000 2 2
145.500000 147.500000 162.500000 151.500000 27.441000 2 2
145.500000 147.500000 162.500000 151.500000 27.476000 1 2
145.500000 149.500000 160.500000 150.500000 27.521000 2 2
146.500000 149.500000 160.500000 150.500000 27.563000 1 2
144.500000 149.500000 162.500000 151.500000 27.600000 2 2
146.500000 149.500000 160.500000 153.500000 27.637000 2 2
146.500000 148.500000 162.500000 150.500000 27.674000 1 2
146.500000 149.500000 160.500000 150.500000 27.716000 2 2
145.500000 146.500000 162.500000 151.500000 27.758000 1 2
143.500000 150.500000 160.500000 150.500000 27.792000 2 3
145.500000 147.500000 160.500000 150.500000 27.826000 1 2
144.500000 149.500000 161.500000 154.500000 27.863000 1 2
143.500000 150.500000 161.500000 151.500000 27.902000 2 2
142.500000 151.500000 161.500000 150.500000 27.934000 2 2
146.500000 149.500000 160.500000 150.500000 27.966000 2 2
146.500000 148.500000 161.500000 153.500000 28.001000 2 2
144.500000 150.500000 160.500000 154.500000 28.042000 2 2
144.500000 148.500000 160.500000 152.500000 28.084000 2 2
145.500000 149.500000 160.500000 150.500000 28.125000 2 2
144.500000 148.500000 160.500000 152.500000 28.161000 2 2
144.500000 149.500000 162.500000 152.500000 28.208000 2 2
144.500000 149.500000 161.500000 150.500000 28.243000 2 2
145.500000 147.500000 159.500000 150.500000 28.280000 2 2
144.500000 149.500000 159.500000 150.500000 28.326000 2 2
145.500000 147.500000 161.500000 150.500000 28.371000 2 2
145.500000 147.500000 161.500000 151.500000 28.418000 2 2
145.500000 145.500000 160.500000 151.500000 28.468000 2 2
145.500000 151.500000 161.500000 150.500000 28.505000 2 3
146.500000 149.500000 159.500000 150.500000 28.544000 2 2
143.500000 148.500000 161.500000 151.500000 28.588000 2 2
146.500000 147.500000 160.500000 151.500000 28.623000 2 2
144.500000 148.500000 160.500000 151.500000 28.662000 2 2
146.500000 148.500000 162.500000 150.500000 28.698000 2 2
144.500000 148.500000 162.500000 152.500000 28.742000 2 2
143.500000 150.500000 162.500000 150.500000 28.777000 1 2
144.500000 148.500000 158.500000 151.500000 28.817000 2 2
144.500000 147.500000 161.500000 148.500000 28.855000 2 1
144.500000 148.500000 159.500000 151.500000 28.899000 2 2
145.500000 147.500000 160.500000 151.500000 28.940000 2 2
146.500000 147.500000 159.500000 149.500000 28.978000 2 2
144.500000 148.500000 159.500000 149.500000 29.019000 2 2
144.500000 147.500000 160.500000 150.500000 29.056000 2 1
144.500000 147.500000 160.500000 149.500000 29.097000 2 3
145.500000 147.500000 159.500000 152.500000 29.132000 2 2
143.500000 152.500000 160.500000 151.500000 29.171000 2 2
144.500000 147.500000 160.500000 150.500000 29.209000 2 2
144.500000 148.500000 162.500000 150.500000 29.248000 2 2
144.500000 148.500000 159.500000 151.500000 29.281000 2 1
144.500000 147.500000 160.500000 150.500000 29.318000 2 2
144.500000 147.500000 161.500000 151.500000 29.360000 1 2
144.500000 148.500000 160.500000 152.500000 29.400000 2 3
144.500000 150.500000 160.500000 149.500000 29.439000 2 1
143.500000 146.500000 157.500000 149.500000 29.476000 2 2
141.500000 146.500000 156.500000 149.500000 29.511000 2 2
142.500000 149.500000 156.500000 148.500000 29.547000 2 2
141.500000 148.500000 157.500000 151.500000 29.592000 2 2
141.500000 146.500000 157.500000 150.500000 29.634000 1 2
142.500000 147.500000 156.500000 148.500000 29.677000 2 1
140.500000 147.500000 158.500000 147.500000 29.715000 2 2
139.500000 145.500000 154.500000 147.500000 29.749000 2 2
139.500000 147.500000 155.500000 148.500000 29.790000 2 2
138.500000 147.500000 155.500000 147.500000 29.827000 2 2
139.500000 143.500000 154.500000 146.500000 29.863000 2 1
139.500000 145.500000 155.500000 149.500000 29.896000 2 1
138.500000 144.500000 152.500000 146.500000 29.955000 1 2
139.500000 144.500000 152.500000 143.500000 29.991000 1 1
137.500000 145.500000 153.500000 146.500000 30.032000 1 2
137.500000 145.500000 154.500000 147.500000 30.070000 1 2
137.500000 144.500000 152.500000 145.500000 30.118000 2 2
136.500000 141.500000 152.500000 145.500000 30.156000 2 2
136.500000 144.500000 149.500000 143.500000 30.190000 2 2
136.500000 142.500000 151.500000 144.500000 30.221000 2 2
135.500000 141.500000 150.500000 144.500000 30.257000 1 2
135.500000 142.500000 151.500000 142.500000 30.293000 2 1
136.500000 142.500000 150.500000 141.500000 30.330000 2 1
135.500000 143.500000 150.500000 142.500000 30.361000 2 2
135.500000 143.500000 147.500000 145.500000 30.402000 2 2
134.500000 142.500000 152.500000 146.500000 30.440000 1 2
135.500000 141.500000 149.500000 143.500000 30.485000 2 1
132.500000 140.500000 145.500000 142.500000 30.526000 2 3
133.500000 139.500000 147.500000 142.500000 30.560000 2 2
133.500000 141.500000 147.500000 142.500000 30.602000 2 1
132.500000 140.500000 148.500000 141.500000 30.643000 2 1
133.500000 141.500000 149.500000 137.500000 30.677000 2 1
131.500000 140.500000 150.500000 139.500000 30.713000 1 1
133.500000 138.500000 148.500000 139.500000 30.749000 2 2
133.500000 139.500000 150.500000 139.500000 30.791000 2 2
133.500000 138.500000 151.500000 140.500000 30.830000 2 1
133.500000 138.500000 148.500000 138.500000 30.863000 2 2
134.500000 141.500000 148.500000 142.500000 30.904000 2 1
133.500000 140.500000 147.500000 141.500000 30.948000 2 1
134.500000 141.500000 146.500000 143.500000 30.993000 2 2
133.500000 140.500000 148.500000 140.500000 31.033000 2 1
133.500000 140.500000 145.500000 144.500000 31.084000 2 2
134.500000 139.500000 145.500000 144.500000 31.123000 2 1
132.500000 136.500000 146.500000 143.500000 31.162000 2 2
132.500000 140.500000 149.500000 142.500000 31.202000 2 1
132.500000 136.500000 151.500000 139.500000 31.242000 2 1
132.500000 136.500000 148.500000 138.500000 31.294000 1 2
134.500000 137.500000 151.500000 139.500000 31.336000 2 1
132.500000 137.500000 150.500000 141.500000 31.372000 1 2
135.500000 139.500000 146.500000 140.500000 31.410000 2 2
133.500000 136.500000 149.500000 140.500000 31.454000 2 1
133.500000 138.500000 149.500000 136.500000 31.493000 3 1
131.500000 139.500000 149.500000 141.500000 31.539000 2 2
134.500000 136.500000 149.500000 137.500000 31.597000 2 2
133.500000 136.500000 146.500000 141.500000 31.639000 1 2
134.500000 137.500000 150.500000 138.500000 31.676000 2 1
134.500000 136.500000 148.500000 140.500000 31.722000 2 2
133.500000 136.500000 150.500000 138.500000 31.754000 2 3
134.500000 136.500000 148.500000 140.500000 31.803000 2 2
134.500000 138.500000 150.500000 140.500000 31.841000 1 1
133.500000 138.500000 148.500000 141.500000 31.892000 2 2
133.500000 138.500000 148.500000 135.500000 31.929000 2 3
132.500000 139.500000 147.500000 140.500000 31.971000 2 1
132.500000 137.500000 144.500000 143.500000 32.012000 2 2
131.500000 136.500000 146.500000 142.500000 32.061000 2 2
132.500000 140.500000 148.500000 136.500000 32.108000 2 1
135.500000 136.500000 146.500000 136.500000 32.158000 2 2
130.500000 140.500000 148.500000 139.500000 32.201000 2 2
133.500000 141.500000 148.500000 139.500000 32.239000 2 2
131.500000 137.500000 145.500000 142.500000 32.274000 1 2
131.500000 136.500000 146.500000 142.500000 32.316000 2 2
132.500000 139.500000 147.500000 140.500000 32.350000 2 3
132.500000 139.500000 147.500000 137.500000 32.388000 2 2
133.500000 141.500000 149.500000 137.500000 32.424000 2 1
131.500000 138.500000 147.500000 138.500000 32.469000 2 1
133.500000 139.500000 147.500000 138.500000 32.517000 2 3
134.500000 140.500000 147.500000 141.500000 32.556000 2 2
134.500000 140.500000 147.500000 138.500000 32.592000 2 2
131.500000 136.500000 147.500000 138.500000 32.631000 2 1
134.500000 139.500000 147.500000 141.500000 32.666000 2 2
132.500000 139.500000 147.500000 141.500000 32.702000 2 2
131.500000 137.500000 147.500000 141.500000 32.742000 2 2
133.500000 136.500000 150.500000 138.500000 32.791000 1 2
134.500000 139.500000 147.500000 140.500000 32.831000 2 2
133.500000 139.500000 146.500000 141.500000 32.867000 2 3
132.500000 140.500000 150.500000 138.500000 32.907000 2 2
132.500000 138.500000 148.500000 139.500000 32.942000 2 2
132.500000 138.500000 148.500000 140.500000 32.987000 2 3
133.500000 139.500000 147.500000 141.500000 33.022000 2 2
132.500000 138.500000 148.500000 139.500000 33.080000 2 3
133.500000 138.500000 147.500000 141.500000 33.121000 1 2
131.500000 140.500000 148.500000 143.500000 33.161000 1 3
132.500000 138.500000 148.500000 143.500000 33.210000 1 1
132.500000 139.500000 148.500000 136.500000 33.248000 1 1
133.500000 138.500000 147.500000 141.500000 33.291000 1 2
131.500000 139.500000 147.500000 141.500000 33.332000 2 2
134.500000 138.500000 147.500000 141.500000 33.373000 2 2
133.500000 137.500000 149.500000 136.500000 33.416000 2 2
134.500000 138.500000 147.500000 141.500000 33.481000 2 2
131.500000 140.500000 148.500000 140.500000 33.527000 2 2
132.500000 140.500000 150.500000 137.500000 33.569000 2 1
132.500000 137.500000 147.500000 141.500000 33.608000 2 2
132.500000 137.500000 148.500000 136.500000 33.653000 2 1
132.500000 137.500000 148.500000 140.500000 33.706000 2 2
133.500000 138.500000 148.500000 140.500000 33.749000 1 2
133.500000 138.500000 147.500000 139.500000 33.790000 2 2
133.500000 139.500000 147.500000 141.500000 33.831000 2 1
131.500000 138.500000 147.500000 138.500000 33.869000 2 1
134.500000 137.500000 147.500000 138.500000 33.923000 2 2
133.500000 139.500000 150.500000 138.500000 33.964000 2 1
134.500000 138.500000 147.500000 138.500000 33.994000 2 2
133.500000 139.500000 148.500000 138.500000 34.034000 2 2
131.500000 139.500000 145.500000 142.500000 34.085000 1 2
131.500000 139.500000 149.500000 137.500000 34.126000 2 2
133.500000 139.500000 148.500000 138.500000 34.165000 2 1
134.500000 138.500000 149.500000 139.500000 34.205000 1 1
132.500000 138.500000 149.500000 137.500000 34.246000 2 1
132.500000 137.500000 150.500000 137.500000 34.286000 2 1
133.500000 138.500000 149.500000 137.500000 34.330000 2 2
132.500000 137.500000 149.500000 139.500000 34.388000 2 2
132.500000 137.500000 149.500000 137.500000 34.439000 2 2
134.500000 137.500000 150.500000 137.500000 34.478000 2 1
132.500000 137.500000 149.500000 137.500000 34.517000 2 1
133.500000 139.500000 151.500000 138.500000 34.561000 2 2
133.500000 138.500000 150.500000 138.500000 34.599000 2 2
134.500000 137.500000 146.500000 140.500000 34.633000 2 1
133.500000 136.500000 150.500000 137.500000 34.666000 2 2
134.500000 137.500000 150.500000 137.500000 34.707000 2 1
134.500000 137.500000 150.500000 137.500000 34.745000 2 1
132.500000 137.500000 150.500000 137.500000 34.785000 2 2
134.500000 137.500000 150.500000 137.500000 34.826000 2 1
133.500000 136.500000 150.500000 137.500000 34.871000 2 2
134.500000 137.500000 150.500000 137.500000 34.923000 2 1
133.500000 136.500000 150.500000 137.500000 34.962000 2 1
134.500000 139.500000 149.500000 137.500000 34.996000 2 1
133.500000 138.500000 149.500000 139.500000 35.039000 2 2
133.500000 139.500000 149.500000 140.500000 35.080000 2 2
133.500000 138.500000 150.500000 137.500000 35.119000 1 1
132.500000 138.500000 150.500000 137.500000 35.155000 2 1
134.500000 139.500000 149.500000 137.500000 35.184000 2 2
133.500000 139.500000 148.500000 139.500000 35.212000 1 2
133.500000 139.500000 148.500000 138.500000 35.240000 2 1
133.500000 139.500000 148.500000 141.500000 35.268000 2 1
133.500000 139.500000 149.500000 140.500000 35.296000 2 2
133.500000 138.500000 149.500000 140.500000 35.329000 2 1
134.500000 139.500000 149.500000 137.500000 35.367000 1 1
133.500000 138.500000 149.500000 140.500000 35.404000 1 2
132.500000 138.500000 149.500000 137.500000 35.440000 2 2
136.500000 139.500000 148.500000 138.500000 35.474000 2 3
132.500000 138.500000 151.500000 138.500000 35.510000 1 2
133.500000 139.500000 150.500000 138.500000 35.548000 2 1
133.500000 139.500000 148.500000 141.500000 35.583000 2 2
133.500000 138.500000 150.500000 137.500000 35.616000 2 2
132.500000 140.500000 151.500000 138.500000 35.649000 2 2
132.500000 138.500000 150.500000 137.500000 35.683000 2 2
134.500000 138.500000 149.500000 137.500000 35.719000 2 2
134.500000 138.500000 151.500000 138.500000 35.758000 2 2
133.500000 138.500000 150.500000 138.500000 35.795000 2 2
133.500000 137.500000 148.500000 139.500000 35.836000 2 2
133.500000 138.500000 148.500000 139.500000 35.872000 2 1
132.500000 137.500000 151.500000 138.500000 35.906000 2 1
133.500000 136.500000 150.500000 137.500000 35.939000 1 2
133.500000 136.500000 150.500000 137.500000 35.973000 2 1
133.500000 136.500000 150.500000 137.500000 36.010000 2 1
134.500000 139.500000 149.500000 138.500000 36.047000 2 1
134.500000 139.500000 150.500000 140.500000 36.082000 2 1
135.500000 139.500000 150.500000 140.500000 36.116000 2 2
134.500000 139.500000 150.500000 137.500000 36.151000 2 1
134.500000 139.500000 148.500000 141.500000 36.186000 2 2
134.500000 139.500000 148.500000 139.500000 36.219000 2 2
134.500000 139.500000 151.500000 138.500000 36.256000 2 1
134.500000 138.500000 151.500000 138.500000 36.294000 2 2
134.500000 139.500000 149.500000 136.500000 36.331000 2 3
134.500000 137.500000 150.500000 137.500000 36.366000 3 2
134.500000 138.500000 149.500000 140.500000 36.401000 2 3
134.500000 137.500000 148.500000 141.500000 36.434000 2 1
133.500000 136.500000 150.500000 137.500000 36.469000 2 2
133.500000 136.500000 148.500000 141.500000 36.503000 2 2
133.500000 136.500000 150.500000 137.500000 36.536000 2 2
135.500000 140.500000 150.500000 137.500000 36.569000 2 2
133.500000 138.500000 148.500000 139.500000 36.603000 2 2
133.500000 138.500000 150.500000 137.500000 36.639000 2 3
133.500000 138.500000 148.500000 139.500000 36.674000 2 2
132.500000 139.500000 148.500000 139.500000 36.708000 2 2
133.500000 138.500000 150.500000 137.500000 36.744000 2 2
132.500000 139.500000 150.500000 139.500000 36.779000 2 2
132.500000 139.500000 150.500000 137.500000 36.815000 2 3
133.500000 136.500000 150.500000 137.500000 36.849000 2 3
133.500000 136.500000 148.500000 140.500000 36.883000 2 2
134.500000 138.500000 149.500000 138.500000 36.917000 2 1
133.500000 139.500000 150.500000 138.500000 36.951000 2 1
133.500000 137.500000 149.500000 136.500000 36.985000 3 2
133.500000 137.500000 150.500000 140.500000 37.019000 2 2
134.500000 138.500000 151.500000 137.500000 37.055000 2 2
133.500000 137.500000 148.500000 136.500000 37.089000 2 1
134.500000 138.500000 150.500000 138.500000 37.124000 2 3
134.500000 137.500000 150.500000 136.500000 37.160000 2 2
134.500000 138.500000 150.500000 136.500000 37.195000 2 1
134.500000 138.500000 150.500000 139.500000 37.230000 2 2
133.500000 137.500000 150.500000 139.500000 37.264000 2 2
134.500000 138.500000 150.500000 139.500000 37.299000 2 2
134.500000 138.500000 148.500000 137.500000 37.332000 2 2
134.500000 136.500000 149.500000 137.500000 37.366000 2 2
134.500000 138.500000 149.500000 137.500000 37.400000 2 2
134.500000 138.500000 151.500000 137.500000 37.433000 1 2
134.500000 138.500000 150.500000 138.500000 37.466000 2 2
136.500000 136.500000 151.500000 137.500000 37.501000 2 1
134.500000 136.500000 149.500000 139.500000 37.534000 2 2
136.500000 136.500000 149.500000 137.500000 37.568000 2 3
133.500000 139.500000 150.500000 135.500000 37.602000 2 2
134.500000 136.500000 152.500000 136.500000 37.635000 1 2
136.500000 135.500000 151.500000 136.500000 37.668000 2 2
134.500000 135.500000 149.500000 137.500000 37.702000 1 3
133.500000 136.500000 151.500000 136.500000 37.736000 1 2
133.500000 137.500000 151.500000 139.500000 37.769000 2 1
132.500000 138.500000 149.500000 138.500000 37.805000 2 2
132.500000 137.500000 148.500000 139.500000 37.839000 2 2
132.500000 137.500000 150.500000 138.500000 37.873000 2 3
133.500000 138.500000 148.500000 137.500000 37.906000 1 1
132.500000 137.500000 146.500000 136.500000 37.939000 2 2
131.500000 137.500000 147.500000 138.500000 37.972000 2 1
132.500000 137.500000 149.500000 136.500000 38.005000 2 2
133.500000 138.500000 147.500000 138.500000 38.040000 2 3
134.500000 137.500000 146.500000 140.500000 38.074000 2 2
134.500000 137.500000 147.500000 138.500000 38.108000 2 2
134.500000 137.500000 148.500000 139.500000 38.142000 2 2
132.500000 138.500000 148.500000 140.500000 38.176000 2 3
134.500000 138.500000 147.500000 139.500000 38.211000 2 2
134.500000 137.500000 148.500000 140.500000 38.245000 2 2
132.500000 137.500000 148.500000 140.500000 38.278000 2 2
134.500000 136.500000 146.500000 140.500000 38.315000 2 1
133.500000 138.500000 147.500000 139.500000 38.352000 2 2
133.500000 138.500000 149.500000 138.500000 38.385000 2 3
131.500000 138.500000 146.500000 140.500000 38.419000 2 1
132.500000 139.500000 146.500000 140.500000 38.452000 2 2
133.500000 136.500000 149.500000 140.500000 38.487000 2 2
132.500000 137.500000 149.500000 139.500000 38.525000 2 2
133.500000 136.500000 149.500000 139.500000 38.558000 2 2
132.500000 137.500000 148.500000 139.500000 38.592000 2 3
133.500000 138.500000 149.500000 137.500000 38.626000 2 3
134.500000 136.500000 148.500000 135.500000 38.683000 2 2
132.500000 137.500000 148.500000 135.500000 38.716000 2 2
132.500000 136.500000 147.500000 137.500000 38.750000 1 3
133.500000 135.500000 149.500000 137.500000 38.784000 2 2
133.500000 138.500000 149.500000 137.500000 38.821000 2 2
132.500000 136.500000 147.500000 137.500000 38.858000 1 3
131.500000 138.500000 146.500000 137.500000 38.893000 2 2
132.500000 137.500000 148.500000 138.500000 38.927000 2 2
134.500000 138.500000 149.500000 140.500000 38.960000 2 2
132.500000 136.500000 146.500000 138.500000 38.993000 2 2
132.500000 137.500000 148.500000 137.500000 39.027000 2 1
132.500000 137.500000 149.500000 140.500000 39.061000 2 2
132.500000 138.500000 146.500000 141.500000 39.095000 2 2
135.500000 137.500000 148.500000 139.500000 39.129000 1 1
135.500000 137.500000 170.500000 117.500000 39.163000 2 2
135.500000 137.500000 146.500000 139.500000 39.197000 2 2
134.500000 137.500000 150.500000 137.500000 39.230000 2 1
134.500000 136.500000 148.500000 139.500000 39.264000 2 1
134.500000 137.500000 148.500000 139.500000 39.298000 2 1
132.500000 139.500000 149.500000 140.500000 39.332000 2 2
132.500000 139.500000 150.500000 137.500000 39.366000 2 2
134.500000 139.500000 147.500000 141.500000 39.402000 2 1
132.500000 136.500000 149.500000 138.500000 39.436000 2 2
133.500000 138.500000 150.500000 137.500000 39.469000 2 3
133.500000 138.500000 148.500000 139.500000 39.503000 2 1
132.500000 137.500000 148.500000 139.500000 39.536000 2 2
132.500000 139.500000 149.500000 136.500000 39.570000 3 1
133.500000 138.500000 148.500000 139.500000 39.603000 2 2
135.500000 139.500000 148.500000 139.500000 39.639000 2 1
131.500000 138.500000 149.500000 138.500000 39.673000 2 2
133.500000 138.500000 148.500000 138.500000 39.707000 2 1
133.500000 138.500000 149.500000 137.500000 39.741000 2 2
133.500000 138.500000 150.500000 138.500000 39.775000 2 2
133.500000 137.500000 148.500000 137.500000 39.810000 2 3
133.500000 138.500000 148.500000 138.500000 39.844000 2 2
134.500000 136.500000 149.500000 137.500000 39.878000 2 2
134.500000 136.500000 149.500000 137.500000 39.911000 2 2
134.500000 137.500000 149.500000 137.500000 39.945000 2 2
135.500000 136.500000 147.500000 136.500000 39.979000 2 2
