148.500000 126.500000 161.500000 134.500000 4.015000
147.500000 129.500000 159.500000 134.500000 4.074000
148.500000 126.500000 162.500000 132.500000 4.125000
148.500000 126.500000 161.500000 134.500000 4.164000
146.500000 127.500000 161.500000 134.500000 4.203000
146.500000 128.500000 159.500000 134.500000 4.254000
146.500000 127.500000 160.500000 134.500000 4.293000
146.500000 129.500000 161.500000 135.500000 4.331000
146.500000 129.500000 161.500000 135.500000 4.370000
147.500000 128.500000 160.500000 133.500000 4.418000
148.500000 128.500000 160.500000 134.500000 4.466000
145.500000 129.500000 160.500000 133.500000 4.511000
145.500000 127.500000 160.500000 136.500000 4.548000
145.500000 129.500000 161.500000 133.500000 4.583000
146.500000 127.500000 160.500000 134.500000 4.623000
145.500000 128.500000 161.500000 136.500000 4.658000
145.500000 128.500000 160.500000 133.500000 4.702000
145.500000 128.500000 160.500000 133.500000 4.742000
145.500000 128.500000 159.500000 135.500000 4.786000
147.500000 128.500000 161.500000 137.500000 4.817000
146.500000 127.500000 161.500000 137.500000 4.848000
146.500000 129.500000 160.500000 135.500000 4.886000
146.500000 127.500000 161.500000 134.500000 4.939000
147.500000 128.500000 161.500000 134.500000 4.978000
147.500000 130.500000 163.500000 134.500000 5.013000
146.500000 129.500000 161.500000 136.500000 5.051000
147.500000 131.500000 161.500000 136.500000 5.096000
145.500000 128.500000 162.500000 136.500000 5.135000
147.500000 128.500000 160.500000 135.500000 5.170000
145.500000 128.500000 161.500000 135.500000 5.207000
145.500000 129.500000 161.500000 136.500000 5.250000
144.500000 127.500000 160.500000 134.500000 5.285000
145.500000 128.500000 161.500000 134.500000 5.324000
146.500000 130.500000 160.500000 135.500000 5.366000
146.500000 129.500000 160.500000 135.500000 5.403000
146.500000 127.500000 160.500000 135.500000 5.446000
147.500000 130.500000 160.500000 135.500000 5.486000
146.500000 127.500000 160.500000 135.500000 5.528000
147.500000 130.500000 159.500000 136.500000 5.564000
147.500000 130.500000 160.500000 135.500000 5.603000
147.500000 130.500000 160.500000 135.500000 5.646000
147.500000 130.500000 160.500000 135.500000 5.685000
146.500000 130.500000 160.500000 136.500000 5.722000
144.500000 128.500000 162.500000 136.500000 5.761000
147.500000 130.500000 160.500000 135.500000 5.802000
144.500000 128.500000 161.500000 135.500000 5.839000
144.500000 128.500000 160.500000 135.500000 5.879000
145.500000 129.500000 162.500000 134.500000 5.918000
145.500000 127.500000 160.500000 135.500000 5.961000
145.500000 127.500000 161.500000 134.500000 5.999000
147.500000 130.500000 160.500000 135.500000 6.038000
145.500000 127.500000 160.500000 135.500000 6.077000
145.500000 127.500000 161.500000 134.500000 6.115000
146.500000 128.500000 161.500000 134.500000 6.153000
146.500000 128.500000 160.500000 135.500000 6.190000
146.500000 128.500000 161.500000 134.500000 6.222000
144.500000 127.500000 160.500000 135.500000 6.258000
146.500000 128.500000 161.500000 134.500000 6.295000
144.500000 130.500000 163.500000 135.500000 6.325000
144.500000 130.500000 161.500000 136.500000 6.374000
145.500000 129.500000 160.500000 136.500000 6.426000
144.500000 130.500000 159.500000 135.500000 6.467000
145.500000 129.500000 162.500000 133.500000 6.520000
145.500000 129.500000 159.500000 135.500000 6.559000
147.500000 130.500000 162.500000 135.500000 6.612000
145.500000 129.500000 162.500000 134.500000 6.655000
147.500000 130.500000 161.500000 134.500000 6.693000
147.500000 130.500000 161.500000 135.500000 6.728000
147.500000 130.500000 162.500000 133.500000 6.760000
147.500000 130.500000 160.500000 135.500000 6.794000
147.500000 130.500000 159.500000 136.500000 6.835000
145.500000 128.500000 159.500000 136.500000 6.878000
144.500000 130.500000 160.500000 133.500000 6.917000
145.500000 129.500000 162.500000 136.500000 6.956000
145.500000 129.500000 159.500000 135.500000 6.994000
145.500000 128.500000 160.500000 134.500000 7.025000
146.500000 127.500000 160.500000 134.500000 7.058000
146.500000 129.500000 160.500000 134.500000 7.097000
146.500000 129.500000 160.500000 134.500000 7.128000
145.500000 130.500000 160.500000 134.500000 7.162000
145.500000 128.500000 160.500000 134.500000 7.194000
145.500000 128.500000 161.500000 133.500000 7.230000
145.500000 129.500000 160.500000 134.500000 7.266000
145.500000 129.500000 160.500000 134.500000 7.304000
145.500000 128.500000 162.500000 134.500000 7.341000
145.500000 130.500000 159.500000 134.500000 7.375000
145.500000 130.500000 160.500000 137.500000 7.410000
146.500000 129.500000 162.500000 136.500000 7.444000
144.500000 127.500000 162.500000 134.500000 7.480000
146.500000 128.500000 160.500000 137.500000 7.514000
146.500000 128.500000 161.500000 135.500000 7.550000
145.500000 128.500000 160.500000 134.500000 7.588000
146.500000 127.500000 159.500000 135.500000 7.626000
147.500000 127.500000 160.500000 134.500000 7.662000
145.500000 127.500000 159.500000 135.500000 7.698000
146.500000 129.500000 160.500000 136.500000 7.736000
144.500000 130.500000 161.500000 136.500000 7.774000
147.500000 131.500000 160.500000 136.500000 7.815000
147.500000 130.500000 160.500000 135.500000 7.856000
147.500000 130.500000 159.500000 134.500000 7.891000
145.500000 128.500000 159.500000 134.500000 7.928000
144.500000 129.500000 160.500000 136.500000 7.969000
147.500000 128.500000 160.500000 135.500000 8.010000
147.500000 128.500000 159.500000 134.500000 8.049000
144.500000 128.500000 159.500000 134.500000 8.083000
147.500000 128.500000 161.500000 136.500000 8.120000
146.500000 129.500000 161.500000 136.500000 8.156000
146.500000 129.500000 161.500000 135.500000 8.201000
146.500000 129.500000 162.500000 137.500000 8.240000
147.500000 131.500000 159.500000 135.500000 8.280000
147.500000 129.500000 159.500000 135.500000 8.324000
145.500000 130.500000 161.500000 136.500000 8.360000
146.500000 130.500000 160.500000 134.500000 8.400000
147.500000 130.500000 160.500000 135.500000 8.437000
145.500000 127.500000 161.500000 135.500000 8.480000
145.500000 128.500000 160.500000 132.500000 8.515000
146.500000 129.500000 161.500000 133.500000 8.553000
146.500000 125.500000 162.500000 133.500000 8.588000
145.500000 126.500000 162.500000 134.500000 8.645000
146.500000 126.500000 160.500000 131.500000 8.682000
145.500000 127.500000 163.500000 133.500000 8.719000
146.500000 124.500000 161.500000 130.500000 8.756000
144.500000 123.500000 161.500000 131.500000 8.795000
146.500000 126.500000 164.500000 133.500000 8.837000
146.500000 124.500000 160.500000 133.500000 8.875000
145.500000 125.500000 161.500000 129.500000 8.916000
145.500000 124.500000 160.500000 130.500000 8.957000
147.500000 124.500000 158.500000 130.500000 8.999000
145.500000 124.500000 162.500000 130.500000 9.039000
145.500000 121.500000 160.500000 129.500000 9.082000
146.500000 122.500000 161.500000 130.500000 9.124000
146.500000 124.500000 160.500000 129.500000 9.167000
147.500000 122.500000 161.500000 128.500000 9.205000
147.500000 122.500000 160.500000 129.500000 9.252000
146.500000 121.500000 162.500000 127.500000 9.289000
147.500000 123.500000 159.500000 126.500000 9.324000
148.500000 121.500000 162.500000 128.500000 9.356000
146.500000 122.500000 162.500000 127.500000 9.388000
146.500000 122.500000 160.500000 127.500000 9.426000
146.500000 120.500000 161.500000 128.500000 9.460000
145.500000 121.500000 162.500000 128.500000 9.497000
148.500000 120.500000 161.500000 127.500000 9.535000
147.500000 122.500000 163.500000 126.500000 9.569000
148.500000 120.500000 161.500000 125.500000 9.604000
146.500000 119.500000 161.500000 126.500000 9.638000
148.500000 120.500000 158.500000 128.500000 9.668000
147.500000 118.500000 162.500000 125.500000 9.702000
147.500000 118.500000 160.500000 125.500000 9.737000
147.500000 118.500000 162.500000 125.500000 9.768000
147.500000 118.500000 160.500000 126.500000 9.803000
147.500000 118.500000 162.500000 125.500000 9.836000
148.500000 118.500000 161.500000 124.500000 9.869000
148.500000 118.500000 160.500000 125.500000 9.915000
146.500000 118.500000 161.500000 124.500000 9.952000
148.500000 118.500000 159.500000 125.500000 9.985000
147.500000 119.500000 160.500000 125.500000 10.020000
147.500000 117.500000 163.500000 125.500000 10.059000
146.500000 118.500000 161.500000 122.500000 10.091000
148.500000 118.500000 162.500000 124.500000 10.126000
148.500000 116.500000 160.500000 122.500000 10.161000
146.500000 115.500000 164.500000 123.500000 10.206000
146.500000 116.500000 162.500000 124.500000 10.239000
145.500000 116.500000 161.500000 123.500000 10.275000
146.500000 117.500000 161.500000 123.500000 10.313000
146.500000 117.500000 161.500000 123.500000 10.345000
148.500000 116.500000 161.500000 122.500000 10.376000
146.500000 116.500000 159.500000 122.500000 10.409000
148.500000 116.500000 158.500000 121.500000 10.446000
147.500000 115.500000 164.500000 123.500000 10.485000
148.500000 116.500000 159.500000 123.500000 10.519000
147.500000 115.500000 164.500000 123.500000 10.553000
147.500000 115.500000 164.500000 123.500000 10.585000
147.500000 115.500000 164.500000 123.500000 10.617000
145.500000 116.500000 158.500000 121.500000 10.658000
146.500000 116.500000 165.500000 124.500000 10.694000
148.500000 117.500000 162.500000 124.500000 10.726000
146.500000 116.500000 159.500000 123.500000 10.762000
147.500000 116.500000 159.500000 123.500000 10.798000
145.500000 118.500000 159.500000 123.500000 10.832000
146.500000 117.500000 159.500000 123.500000 10.869000
146.500000 117.500000 158.500000 125.500000 10.898000
146.500000 117.500000 158.500000 125.500000 10.930000
146.500000 117.500000 162.500000 124.500000 10.963000
146.500000 116.500000 159.500000 123.500000 10.994000
146.500000 116.500000 161.500000 123.500000 11.026000
145.500000 118.500000 159.500000 124.500000 11.057000
147.500000 116.500000 159.500000 123.500000 11.087000
148.500000 116.500000 159.500000 123.500000 11.119000
146.500000 116.500000 161.500000 123.500000 11.152000
146.500000 117.500000 161.500000 123.500000 11.182000
146.500000 117.500000 159.500000 123.500000 11.216000
148.500000 116.500000 161.500000 123.500000 11.252000
147.500000 116.500000 161.500000 123.500000 11.282000
145.500000 120.500000 161.500000 124.500000 11.316000
146.500000 118.500000 163.500000 123.500000 11.350000
145.500000 117.500000 161.500000 124.500000 11.385000
145.500000 118.500000 161.500000 122.500000 11.422000
146.500000 117.500000 161.500000 125.500000 11.455000
145.500000 118.500000 161.500000 124.500000 11.488000
146.500000 117.500000 159.500000 123.500000 11.524000
148.500000 118.500000 159.500000 124.500000 11.558000
148.500000 118.500000 160.500000 122.500000 11.595000
148.500000 117.500000 162.500000 124.500000 11.628000
145.500000 117.500000 158.500000 122.500000 11.662000
148.500000 117.500000 158.500000 122.500000 11.699000
145.500000 117.500000 163.500000 124.500000 11.739000
145.500000 117.500000 162.500000 124.500000 11.770000
145.500000 117.500000 157.500000 121.500000 11.802000
145.500000 117.500000 160.500000 123.500000 11.839000
147.500000 117.500000 161.500000 124.500000 11.875000
145.500000 117.500000 162.500000 122.500000 11.905000
145.500000 117.500000 164.500000 123.500000 11.942000
145.500000 117.500000 157.500000 121.500000 11.975000
148.500000 117.500000 159.500000 124.500000 12.005000
146.500000 119.500000 163.500000 122.500000 12.040000
145.500000 117.500000 159.500000 122.500000 12.076000
146.500000 119.500000 160.500000 123.500000 12.107000
145.500000 117.500000 160.500000 123.500000 12.139000
146.500000 119.500000 160.500000 124.500000 12.175000
145.500000 117.500000 162.500000 122.500000 12.208000
145.500000 117.500000 161.500000 124.500000 12.239000
146.500000 119.500000 159.500000 124.500000 12.270000
146.500000 119.500000 160.500000 123.500000 12.306000
146.500000 119.500000 160.500000 123.500000 12.339000
146.500000 119.500000 162.500000 122.500000 12.374000
147.500000 116.500000 160.500000 123.500000 12.413000
146.500000 119.500000 160.500000 123.500000 12.448000
146.500000 119.500000 163.500000 124.500000 12.489000
143.500000 120.500000 159.500000 121.500000 12.525000
146.500000 119.500000 162.500000 124.500000 12.559000
148.500000 117.500000 162.500000 124.500000 12.604000
148.500000 117.500000 162.500000 124.500000 12.643000
146.500000 117.500000 163.500000 124.500000 12.685000
145.500000 117.500000 161.500000 123.500000 12.727000
146.500000 117.500000 160.500000 122.500000 12.770000
146.500000 116.500000 161.500000 123.500000 12.828000
146.500000 117.500000 160.500000 122.500000 12.877000
146.500000 117.500000 161.500000 123.500000 12.914000
146.500000 117.500000 160.500000 123.500000 12.950000
147.500000 116.500000 160.500000 122.500000 12.990000
146.500000 117.500000 162.500000 125.500000 13.027000
146.500000 117.500000 159.500000 124.500000 13.060000
146.500000 117.500000 159.500000 124.500000 13.091000
146.500000 116.500000 161.500000 120.500000 13.131000
147.500000 116.500000 160.500000 122.500000 13.168000
146.500000 117.500000 163.500000 124.500000 13.204000
149.500000 119.500000 161.500000 123.500000 13.246000
146.500000 117.500000 162.500000 123.500000 13.282000
146.500000 116.500000 159.500000 123.500000 13.315000
146.500000 117.500000 159.500000 123.500000 13.353000
146.500000 116.500000 162.500000 123.500000 13.388000
148.500000 119.500000 159.500000 123.500000 13.429000
146.500000 117.500000 161.500000 123.500000 13.475000
146.500000 117.500000 160.500000 122.500000 13.520000
148.500000 118.500000 160.500000 122.500000 13.557000
146.500000 119.500000 162.500000 123.500000 13.598000
146.500000 119.500000 161.500000 121.500000 13.649000
145.500000 118.500000 159.500000 124.500000 13.685000
148.500000 118.500000 160.500000 122.500000 13.721000
148.500000 118.500000 162.500000 123.500000 13.756000
146.500000 118.500000 162.500000 124.500000 13.797000
147.500000 117.500000 160.500000 122.500000 13.838000
147.500000 117.500000 162.500000 123.500000 13.877000
147.500000 117.500000 160.500000 123.500000 13.910000
148.500000 118.500000 160.500000 122.500000 13.953000
148.500000 118.500000 161.500000 124.500000 13.993000
147.500000 117.500000 161.500000 123.500000 14.028000
147.500000 117.500000 160.500000 122.500000 14.071000
147.500000 117.500000 161.500000 124.500000 14.125000
147.500000 117.500000 157.500000 126.500000 14.163000
147.500000 117.500000 161.500000 124.500000 14.202000
148.500000 118.500000 160.500000 125.500000 14.238000
147.500000 117.500000 159.500000 123.500000 14.279000
147.500000 116.500000 161.500000 124.500000 14.311000
147.500000 117.500000 161.500000 124.500000 14.343000
146.500000 120.500000 161.500000 124.500000 14.377000
147.500000 120.500000 161.500000 124.500000 14.415000
148.500000 117.500000 160.500000 123.500000 14.455000
149.500000 117.500000 161.500000 124.500000 14.494000
149.500000 117.500000 159.500000 124.500000 14.528000
146.500000 118.500000 164.500000 122.500000 14.567000
146.500000 118.500000 161.500000 123.500000 14.597000
146.500000 120.500000 161.500000 124.500000 14.629000
147.500000 117.500000 161.500000 123.500000 14.669000
146.500000 120.500000 161.500000 123.500000 14.710000
147.500000 117.500000 159.500000 123.500000 14.762000
147.500000 117.500000 161.500000 123.500000 14.796000
147.500000 117.500000 163.500000 123.500000 14.832000
149.500000 117.500000 161.500000 124.500000 14.869000
148.500000 119.500000 161.500000 124.500000 14.910000
147.500000 117.500000 161.500000 124.500000 14.962000
148.500000 117.500000 160.500000 123.500000 15.009000
147.500000 117.500000 160.500000 123.500000 15.051000
145.500000 118.500000 161.500000 124.500000 15.082000
149.500000 119.500000 159.500000 123.500000 15.115000
145.500000 117.500000 159.500000 123.500000 15.151000
145.500000 117.500000 159.500000 123.500000 15.186000
145.500000 117.500000 159.500000 124.500000 15.220000
147.500000 118.500000 159.500000 123.500000 15.252000
144.500000 118.500000 162.500000 125.500000 15.305000
144.500000 117.500000 162.500000 122.500000 15.342000
144.500000 117.500000 160.500000 124.500000 15.378000
147.500000 118.500000 160.500000 124.500000 15.417000
149.500000 119.500000 161.500000 125.500000 15.460000
149.500000 119.500000 161.500000 125.500000 15.501000
149.500000 118.500000 164.500000 126.500000 15.533000
150.500000 119.500000 163.500000 126.500000 15.573000
151.500000 118.500000 162.500000 125.500000 15.607000
150.500000 118.500000 165.500000 128.500000 15.647000
152.500000 119.500000 164.500000 127.500000 15.700000
151.500000 121.500000 164.500000 127.500000 15.737000
152.500000 120.500000 165.500000 126.500000 15.790000
151.500000 122.500000 165.500000 128.500000 15.833000
152.500000 121.500000 167.500000 128.500000 15.870000
153.500000 121.500000 166.500000 130.500000 15.916000
153.500000 123.500000 166.500000 128.500000 15.955000
153.500000 123.500000 168.500000 129.500000 15.992000
152.500000 125.500000 167.500000 128.500000 16.032000
155.500000 122.500000 170.500000 131.500000 16.075000
153.500000 125.500000 170.500000 132.500000 16.116000
153.500000 124.500000 169.500000 131.500000 16.155000
154.500000 126.500000 168.500000 132.500000 16.197000
155.500000 124.500000 171.500000 133.500000 16.238000
156.500000 127.500000 168.500000 132.500000 16.274000
155.500000 125.500000 169.500000 133.500000 16.306000
156.500000 128.500000 171.500000 135.500000 16.344000
157.500000 126.500000 171.500000 132.500000 16.393000
157.500000 127.500000 170.500000 133.500000 16.432000
157.500000 126.500000 173.500000 133.500000 16.481000
157.500000 127.500000 172.500000 135.500000 16.512000
158.500000 126.500000 172.500000 134.500000 16.548000
160.500000 126.500000 174.500000 134.500000 16.580000
159.500000 128.500000 173.500000 135.500000 16.611000
159.500000 128.500000 174.500000 133.500000 16.648000
158.500000 129.500000 174.500000 134.500000 16.684000
161.500000 128.500000 174.500000 134.500000 16.725000
160.500000 129.500000 175.500000 137.500000 16.766000
160.500000 130.500000 175.500000 136.500000 16.805000
161.500000 131.500000 175.500000 135.500000 16.851000
162.500000 129.500000 175.500000 136.500000 16.894000
161.500000 130.500000 176.500000 136.500000 16.941000
162.500000 131.500000 176.500000 137.500000 16.972000
164.500000 131.500000 177.500000 137.500000 17.008000
164.500000 132.500000 177.500000 136.500000 17.047000
163.500000 132.500000 177.500000 137.500000 17.083000
162.500000 132.500000 179.500000 137.500000 17.119000
163.500000 130.500000 178.500000 138.500000 17.150000
163.500000 131.500000 178.500000 137.500000 17.180000
163.500000 130.500000 178.500000 138.500000 17.221000
163.500000 132.500000 177.500000 140.500000 17.253000
164.500000 132.500000 180.500000 140.500000 17.285000
163.500000 131.500000 179.500000 140.500000 17.318000
164.500000 132.500000 178.500000 138.500000 17.354000
164.500000 132.500000 179.500000 137.500000 17.390000
163.500000 134.500000 179.500000 138.500000 17.429000
165.500000 132.500000 179.500000 137.500000 17.469000
163.500000 130.500000 178.500000 138.500000 17.508000
162.500000 130.500000 179.500000 139.500000 17.543000
163.500000 133.500000 178.500000 139.500000 17.586000
165.500000 130.500000 178.500000 139.500000 17.626000
164.500000 131.500000 180.500000 138.500000 17.663000
162.500000 133.500000 178.500000 139.500000 17.704000
163.500000 134.500000 178.500000 136.500000 17.739000
165.500000 131.500000 178.500000 138.500000 17.771000
163.500000 131.500000 180.500000 137.500000 17.805000
165.500000 129.500000 180.500000 137.500000 17.837000
164.500000 131.500000 179.500000 136.500000 17.875000
164.500000 131.500000 179.500000 136.500000 17.916000
165.500000 132.500000 178.500000 139.500000 17.953000
165.500000 132.500000 180.500000 137.500000 17.994000
165.500000 132.500000 176.500000 139.500000 18.028000
165.500000 132.500000 179.500000 136.500000 18.064000
165.500000 132.500000 178.500000 138.500000 18.100000
163.500000 133.500000 179.500000 138.500000 18.137000
165.500000 129.500000 182.500000 139.500000 18.182000
165.500000 129.500000 180.500000 135.500000 18.228000
165.500000 132.500000 178.500000 139.500000 18.267000
163.500000 133.500000 178.500000 139.500000 18.313000
165.500000 129.500000 178.500000 139.500000 18.356000
163.500000 131.500000 180.500000 138.500000 18.401000
163.500000 132.500000 176.500000 136.500000 18.445000
164.500000 130.500000 178.500000 139.500000 18.490000
162.500000 133.500000 178.500000 139.500000 18.526000
162.500000 133.500000 180.500000 135.500000 18.562000
162.500000 131.500000 177.500000 138.500000 18.599000
162.500000 133.500000 176.500000 138.500000 18.632000
163.500000 132.500000 177.500000 137.500000 18.672000
163.500000 132.500000 177.500000 136.500000 18.703000
164.500000 130.500000 178.500000 137.500000 18.746000
163.500000 132.500000 177.500000 137.500000 18.786000
164.500000 130.500000 178.500000 136.500000 18.823000
162.500000 133.500000 177.500000 137.500000 18.867000
162.500000 131.500000 177.500000 137.500000 18.905000
163.500000 131.500000 177.500000 137.500000 18.950000
163.500000 132.500000 178.500000 136.500000 18.989000
164.500000 130.500000 178.500000 136.500000 19.032000
164.500000 130.500000 178.500000 136.500000 19.068000
162.500000 131.500000 177.500000 134.500000 19.108000
162.500000 131.500000 178.500000 137.500000 19.143000
163.500000 132.500000 177.500000 137.500000 19.179000
164.500000 134.500000 177.500000 137.500000 19.232000
165.500000 131.500000 177.500000 137.500000 19.268000
165.500000 131.500000 177.500000 138.500000 19.302000
163.500000 132.500000 179.500000 137.500000 19.334000
163.500000 132.500000 177.500000 138.500000 19.375000
163.500000 131.500000 178.500000 137.500000 19.408000
163.500000 131.500000 178.500000 137.500000 19.441000
162.500000 132.500000 178.500000 139.500000 19.477000
162.500000 132.500000 177.500000 138.500000 19.511000
162.500000 132.500000 177.500000 137.500000 19.540000
163.500000 131.500000 178.500000 138.500000 19.580000
163.500000 131.500000 177.500000 136.500000 19.616000
163.500000 133.500000 178.500000 138.500000 19.651000
163.500000 131.500000 177.500000 136.500000 19.689000
164.500000 130.500000 178.500000 138.500000 19.726000
163.500000 132.500000 180.500000 136.500000 19.763000
163.500000 131.500000 177.500000 139.500000 19.801000
163.500000 131.500000 180.500000 136.500000 19.840000
163.500000 130.500000 178.500000 138.500000 19.878000
163.500000 131.500000 178.500000 138.500000 19.916000
165.500000 131.500000 177.500000 137.500000 19.954000
163.500000 130.500000 176.500000 138.500000 19.995000
163.500000 130.500000 177.500000 137.500000 20.032000
163.500000 130.500000 178.500000 138.500000 20.069000
163.500000 130.500000 180.500000 139.500000 20.104000
164.500000 130.500000 177.500000 138.500000 20.141000
164.500000 130.500000 177.500000 138.500000 20.179000
164.500000 130.500000 177.500000 136.500000 20.232000
163.500000 130.500000 177.500000 138.500000 20.276000
164.500000 130.500000 180.500000 138.500000 20.313000
164.500000 130.500000 177.500000 138.500000 20.351000
164.500000 130.500000 178.500000 139.500000 20.385000
164.500000 130.500000 177.500000 136.500000 20.426000
161.500000 133.500000 176.500000 137.500000 20.467000
163.500000 131.500000 177.500000 136.500000 20.510000
163.500000 132.500000 176.500000 138.500000 20.551000
163.500000 131.500000 180.500000 136.500000 20.590000
162.500000 133.500000 177.500000 139.500000 20.631000
163.500000 132.500000 180.500000 138.500000 20.669000
163.500000 131.500000 180.500000 136.500000 20.705000
163.500000 131.500000 180.500000 136.500000 20.741000
163.500000 131.500000 179.500000 137.500000 20.777000
163.500000 131.500000 178.500000 139.500000 20.816000
163.500000 131.500000 178.500000 138.500000 20.851000
162.500000 133.500000 178.500000 137.500000 20.894000
162.500000 133.500000 178.500000 137.500000 20.944000
164.500000 130.500000 179.500000 138.500000 20.984000
164.500000 133.500000 181.500000 139.500000 21.019000
163.500000 133.500000 179.500000 138.500000 21.051000
164.500000 132.500000 178.500000 139.500000 21.085000
163.500000 133.500000 178.500000 139.500000 21.126000
163.500000 132.500000 177.500000 138.500000 21.169000
162.500000 134.500000 178.500000 138.500000 21.201000
162.500000 130.500000 178.500000 138.500000 21.235000
165.500000 133.500000 176.500000 137.500000 21.274000
162.500000 130.500000 178.500000 138.500000 21.317000
164.500000 133.500000 178.500000 138.500000 21.370000
163.500000 131.500000 178.500000 137.500000 21.406000
161.500000 132.500000 177.500000 138.500000 21.440000
162.500000 134.500000 178.500000 139.500000 21.494000
162.500000 134.500000 176.500000 138.500000 21.545000
162.500000 134.500000 178.500000 138.500000 21.580000
162.500000 130.500000 178.500000 138.500000 21.611000
162.500000 134.500000 178.500000 138.500000 21.645000
162.500000 134.500000 178.500000 138.500000 21.695000
162.500000 134.500000 177.500000 138.500000 21.744000
162.500000 134.500000 177.500000 137.500000 21.788000
162.500000 134.500000 177.500000 137.500000 21.827000
161.500000 131.500000 177.500000 138.500000 21.874000
161.500000 131.500000 177.500000 137.500000 21.916000
163.500000 131.500000 178.500000 138.500000 21.965000
165.500000 133.500000 179.500000 137.500000 22.002000
164.500000 132.500000 177.500000 138.500000 22.038000
161.500000 133.500000 177.500000 138.500000 22.083000
162.500000 134.500000 176.500000 138.500000 22.126000
163.500000 133.500000 177.500000 135.500000 22.175000
163.500000 133.500000 176.500000 135.500000 22.205000
162.500000 134.500000 178.500000 139.500000 22.239000
163.500000 133.500000 177.500000 138.500000 22.284000
162.500000 134.500000 176.500000 140.500000 22.325000
162.500000 134.500000 178.500000 139.500000 22.369000
161.500000 133.500000 177.500000 138.500000 22.404000
161.500000 133.500000 178.500000 141.500000 22.438000
162.500000 133.500000 175.500000 140.500000 22.470000
160.500000 134.500000 174.500000 138.500000 22.502000
161.500000 136.500000 175.500000 141.500000 22.537000
159.500000 135.500000 175.500000 141.500000 22.591000
160.500000 135.500000 174.500000 141.500000 22.634000
160.500000 135.500000 175.500000 139.500000 22.681000
160.500000 134.500000 176.500000 140.500000 22.716000
159.500000 134.500000 172.500000 140.500000 22.750000
159.500000 135.500000 174.500000 142.500000 22.787000
159.500000 137.500000 173.500000 143.500000 22.818000
156.500000 136.500000 174.500000 143.500000 22.858000
158.500000 136.500000 171.500000 142.500000 22.903000
157.500000 138.500000 173.500000 142.500000 22.947000
157.500000 135.500000 173.500000 141.500000 22.986000
157.500000 139.500000 173.500000 144.500000 23.029000
156.500000 137.500000 171.500000 141.500000 23.065000
155.500000 138.500000 169.500000 144.500000 23.102000
156.500000 139.500000 171.500000 144.500000 23.140000
155.500000 138.500000 171.500000 144.500000 23.173000
153.500000 140.500000 169.500000 147.500000 23.213000
153.500000 138.500000 169.500000 146.500000 23.250000
153.500000 139.500000 169.500000 146.500000 23.284000
153.500000 138.500000 167.500000 144.500000 23.324000
152.500000 141.500000 170.500000 147.500000 23.363000
151.500000 139.500000 166.500000 146.500000 23.417000
153.500000 140.500000 168.500000 146.500000 23.457000
152.500000 141.500000 166.500000 148.500000 23.498000
152.500000 142.500000 165.500000 147.500000 23.540000
152.500000 142.500000 166.500000 148.500000 23.575000
149.500000 140.500000 165.500000 149.500000 23.612000
150.500000 140.500000 166.500000 149.500000 23.649000
149.500000 141.500000 166.500000 151.500000 23.693000
149.500000 143.500000 164.500000 150.500000 23.735000
150.500000 144.500000 166.500000 151.500000 23.777000
148.500000 144.500000 165.500000 149.500000 23.818000
148.500000 144.500000 163.500000 151.500000 23.858000
148.500000 141.500000 165.500000 151.500000 23.896000
147.500000 143.500000 164.500000 149.500000 23.939000
149.500000 144.500000 164.500000 150.500000 23.988000
147.500000 144.500000 162.500000 148.500000 24.018000
147.500000 142.500000 163.500000 154.500000 24.059000
148.500000 146.500000 163.500000 151.500000 24.093000
147.500000 146.500000 163.500000 151.500000 24.129000
145.500000 147.500000 163.500000 151.500000 24.172000
145.500000 147.500000 163.500000 151.500000 24.206000
146.500000 146.500000 161.500000 152.500000 24.246000
146.500000 145.500000 161.500000 156.500000 24.280000
146.500000 145.500000 160.500000 151.500000 24.312000
146.500000 145.500000 160.500000 151.500000 24.350000
144.500000 146.500000 160.500000 151.500000 24.386000
144.500000 146.500000 161.500000 156.500000 24.421000
145.500000 147.500000 160.500000 151.500000 24.486000
143.500000 149.500000 162.500000 152.500000 24.527000
146.500000 145.500000 160.500000 151.500000 24.570000
145.500000 144.500000 160.500000 155.500000 24.603000
145.500000 144.500000 163.500000 152.500000 24.640000
146.500000 148.500000 161.500000 156.500000 24.690000
145.500000 144.500000 160.500000 151.500000 24.730000
145.500000 144.500000 160.500000 153.500000 24.774000
146.500000 148.500000 163.500000 154.500000 24.809000
146.500000 148.500000 163.500000 153.500000 24.844000
148.500000 145.500000 162.500000 152.500000 24.879000
147.500000 145.500000 162.500000 150.500000 24.911000
146.500000 145.500000 161.500000 152.500000 24.953000
147.500000 145.500000 162.500000 154.500000 24.998000
146.500000 147.500000 164.500000 154.500000 25.042000
146.500000 147.500000 162.500000 151.500000 25.077000
146.500000 147.500000 163.500000 152.500000 25.113000
148.500000 147.500000 162.500000 151.500000 25.150000
147.500000 143.500000 162.500000 151.500000 25.190000
145.500000 144.500000 162.500000 151.500000 25.238000
146.500000 146.500000 162.500000 151.500000 25.276000
145.500000 144.500000 162.500000 153.500000 25.320000
146.500000 146.500000 163.500000 152.500000 25.358000
147.500000 144.500000 160.500000 150.500000 25.400000
147.500000 145.500000 161.500000 153.500000 25.437000
144.500000 147.500000 161.500000 153.500000 25.495000
146.500000 146.500000 162.500000 155.500000 25.533000
146.500000 143.500000 163.500000 152.500000 25.569000
146.500000 142.500000 162.500000 155.500000 25.618000
147.500000 144.500000 162.500000 154.500000 25.654000
147.500000 146.500000 164.500000 152.500000 25.700000
145.500000 143.500000 163.500000 153.500000 25.739000
147.500000 144.500000 162.500000 152.500000 25.776000
146.500000 143.500000 163.500000 153.500000 25.808000
144.500000 145.500000 161.500000 155.500000 25.839000
145.500000 143.500000 162.500000 153.500000 25.874000
144.500000 145.500000 162.500000 153.500000 25.909000
145.500000 149.500000 160.500000 150.500000 25.948000
145.500000 146.500000 164.500000 152.500000 25.998000
144.500000 144.500000 162.500000 153.500000 26.033000
145.500000 142.500000 162.500000 153.500000 26.070000
146.500000 144.500000 163.500000 152.500000 26.105000
147.500000 145.500000 161.500000 149.500000 26.140000
144.500000 148.500000 162.500000 151.500000 26.177000
146.500000 146.500000 161.500000 153.500000 26.211000
145.500000 145.500000 163.500000 152.500000 26.246000
145.500000 145.500000 161.500000 151.500000 26.287000
147.500000 146.500000 161.500000 151.500000 26.332000
145.500000 148.500000 161.500000 151.500000 26.370000
147.500000 146.500000 161.500000 151.500000 26.412000
145.500000 148.500000 161.500000 150.500000 26.456000
146.500000 148.500000 161.500000 153.500000 26.494000
146.500000 144.500000 161.500000 151.500000 26.534000
147.500000 148.500000 161.500000 151.500000 26.566000
145.500000 148.500000 160.500000 154.500000 26.616000
145.500000 148.500000 160.500000 152.500000 26.658000
145.500000 145.500000 160.500000 152.500000 26.710000
145.500000 145.500000 162.500000 152.500000 26.742000
145.500000 145.500000 162.500000 153.500000 26.782000
145.500000 145.500000 161.500000 152.500000 26.824000
143.500000 144.500000 162.500000 153.500000 26.855000
145.500000 148.500000 162.500000 153.500000 26.897000
144.500000 147.500000 160.500000 154.500000 26.946000
146.500000 146.500000 162.500000 153.500000 26.985000
146.500000 146.500000 162.500000 153.500000 27.028000
145.500000 145.500000 158.500000 151.500000 27.069000
145.500000 148.500000 160.500000 149.500000 27.121000
144.500000 147.500000 160.500000 153.500000 27.172000
144.500000 146.500000 161.500000 154.500000 27.220000
144.500000 148.500000 163.500000 154.500000 27.259000
146.500000 143.500000 163.500000 154.500000 27.300000
145.500000 146.500000 159.500000 154.500000 27.339000
145.500000 148.500000 160.500000 152.500000 27.375000
146.500000 146.500000 160.500000 152.500000 27.421000
142.500000 146.500000 162.500000 153.500000 27.460000
145.500000 144.500000 160.500000 148.500000 27.505000
144.500000 145.500000 161.500000 151.500000 27.537000
145.500000 143.500000 162.500000 153.500000 27.582000
145.500000 143.500000 159.500000 150.500000 27.623000
144.500000 145.500000 161.500000 151.500000 27.659000
143.500000 146.500000 162.500000 150.500000 27.700000
144.500000 146.500000 162.500000 150.500000 27.737000
144.500000 146.500000 161.500000 151.500000 27.771000
145.500000 145.500000 162.500000 153.500000 27.813000
145.500000 144.500000 162.500000 150.500000 27.854000
145.500000 144.500000 162.500000 152.500000 27.902000
143.500000 146.500000 162.500000 150.500000 27.936000
145.500000 144.500000 162.500000 153.500000 27.973000
145.500000 145.500000 160.500000 148.500000 28.014000
144.500000 145.500000 161.500000 150.500000 28.050000
144.500000 148.500000 161.500000 153.500000 28.096000
145.500000 145.500000 159.500000 148.500000 28.141000
145.500000 145.500000 160.500000 151.500000 28.178000
144.500000 145.500000 160.500000 154.500000 28.211000
143.500000 146.500000 161.500000 150.500000 28.242000
143.500000 146.500000 160.500000 151.500000 28.298000
143.500000 146.500000 160.500000 151.500000 28.336000
144.500000 147.500000 160.500000 151.500000 28.382000
144.500000 147.500000 160.500000 151.500000 28.420000
144.500000 147.500000 159.500000 150.500000 28.465000
144.500000 147.500000 160.500000 149.500000 28.515000
143.500000 145.500000 160.500000 150.500000 28.564000
144.500000 144.500000 160.500000 149.500000 28.598000
144.500000 143.500000 160.500000 149.500000 28.636000
143.500000 145.500000 159.500000 147.500000 28.671000
143.500000 145.500000 160.500000 152.500000 28.720000
144.500000 144.500000 162.500000 149.500000 28.768000
145.500000 145.500000 162.500000 149.500000 28.808000
145.500000 142.500000 159.500000 151.500000 28.862000
145.500000 146.500000 160.500000 150.500000 28.910000
145.500000 142.500000 162.500000 149.500000 28.950000
144.500000 146.500000 158.500000 148.500000 28.987000
144.500000 145.500000 161.500000 149.500000 29.030000
143.500000 145.500000 161.500000 152.500000 29.079000
144.500000 143.500000 162.500000 149.500000 29.115000
143.500000 145.500000 160.500000 150.500000 29.164000
144.500000 146.500000 158.500000 150.500000 29.199000
144.500000 145.500000 158.500000 148.500000 29.232000
145.500000 144.500000 159.500000 149.500000 29.274000
146.500000 142.500000 160.500000 149.500000 29.321000
145.500000 145.500000 160.500000 148.500000 29.359000
145.500000 142.500000 159.500000 146.500000 29.398000
145.500000 144.500000 160.500000 148.500000 29.448000
142.500000 146.500000 159.500000 148.500000 29.483000
142.500000 145.500000 157.500000 149.500000 29.522000
141.500000 142.500000 155.500000 148.500000 29.565000
142.500000 140.500000 156.500000 147.500000 29.612000
141.500000 141.500000 155.500000 146.500000 29.650000
141.500000 141.500000 158.500000 148.500000 29.694000
140.500000 141.500000 156.500000 147.500000 29.738000
140.500000 140.500000 154.500000 148.500000 29.769000
140.500000 140.500000 157.500000 148.500000 29.819000
139.500000 143.500000 155.500000 146.500000 29.863000
139.500000 139.500000 156.500000 144.500000 29.902000
138.500000 138.500000 154.500000 144.500000 29.945000
138.500000 139.500000 154.500000 144.500000 29.992000
139.500000 139.500000 154.500000 144.500000 30.051000
139.500000 139.500000 154.500000 144.500000 30.089000
137.500000 139.500000 154.500000 146.500000 30.126000
138.500000 139.500000 153.500000 146.500000 30.158000
138.500000 137.500000 152.500000 144.500000 30.192000
136.500000 139.500000 151.500000 143.500000 30.227000
136.500000 139.500000 154.500000 143.500000 30.265000
136.500000 138.500000 151.500000 141.500000 30.312000
137.500000 138.500000 153.500000 142.500000 30.347000
136.500000 135.500000 153.500000 142.500000 30.389000
136.500000 137.500000 150.500000 143.500000 30.433000
134.500000 137.500000 151.500000 143.500000 30.476000
135.500000 139.500000 150.500000 141.500000 30.510000
134.500000 137.500000 150.500000 143.500000 30.550000
135.500000 137.500000 152.500000 139.500000 30.587000
136.500000 137.500000 153.500000 137.500000 30.625000
136.500000 137.500000 151.500000 140.500000 30.664000
137.500000 136.500000 151.500000 141.500000 30.702000
136.500000 137.500000 151.500000 141.500000 30.753000
135.500000 135.500000 150.500000 141.500000 30.822000
136.500000 134.500000 150.500000 139.500000 30.857000
136.500000 134.500000 150.500000 140.500000 30.894000
135.500000 137.500000 151.500000 138.500000 30.943000
136.500000 134.500000 149.500000 140.500000 30.989000
137.500000 136.500000 152.500000 139.500000 31.031000
137.500000 136.500000 153.500000 137.500000 31.067000
136.500000 134.500000 150.500000 139.500000 31.111000
136.500000 134.500000 152.500000 139.500000 31.141000
135.500000 138.500000 153.500000 144.500000 31.183000
137.500000 139.500000 150.500000 139.500000 31.227000
135.500000 135.500000 151.500000 140.500000 31.261000
135.500000 137.500000 151.500000 140.500000 31.300000
135.500000 137.500000 150.500000 141.500000 31.342000
135.500000 134.500000 152.500000 139.500000 31.378000
134.500000 135.500000 149.500000 141.500000 31.416000
135.500000 137.500000 149.500000 142.500000 31.455000
136.500000 136.500000 151.500000 141.500000 31.489000
134.500000 135.500000 150.500000 142.500000 31.530000
136.500000 135.500000 151.500000 139.500000 31.581000
136.500000 135.500000 149.500000 142.500000 31.618000
134.500000 138.500000 152.500000 140.500000 31.659000
134.500000 138.500000 150.500000 140.500000 31.698000
136.500000 135.500000 152.500000 144.500000 31.737000
135.500000 134.500000 150.500000 140.500000 31.779000
135.500000 136.500000 149.500000 142.500000 31.819000
137.500000 135.500000 151.500000 139.500000 31.869000
135.500000 136.500000 151.500000 139.500000 31.906000
135.500000 134.500000 151.500000 139.500000 31.943000
134.500000 137.500000 149.500000 140.500000 31.980000
135.500000 136.500000 151.500000 139.500000 32.019000
135.500000 136.500000 151.500000 139.500000 32.062000
136.500000 135.500000 148.500000 142.500000 32.103000
135.500000 136.500000 150.500000 140.500000 32.147000
135.500000 134.500000 150.500000 140.500000 32.187000
134.500000 133.500000 149.500000 142.500000 32.217000
135.500000 138.500000 150.500000 142.500000 32.253000
134.500000 134.500000 149.500000 142.500000 32.288000
135.500000 135.500000 149.500000 142.500000 32.327000
135.500000 135.500000 149.500000 141.500000 32.371000
136.500000 136.500000 150.500000 141.500000 32.412000
135.500000 135.500000 152.500000 140.500000 32.452000
134.500000 137.500000 151.500000 141.500000 32.498000
133.500000 136.500000 151.500000 138.500000 32.540000
134.500000 134.500000 151.500000 140.500000 32.582000
134.500000 136.500000 151.500000 138.500000 32.619000
134.500000 135.500000 150.500000 141.500000 32.664000
135.500000 137.500000 152.500000 139.500000 32.700000
135.500000 135.500000 151.500000 140.500000 32.734000
135.500000 133.500000 152.500000 138.500000 32.773000
135.500000 135.500000 150.500000 139.500000 32.804000
134.500000 136.500000 150.500000 138.500000 32.851000
134.500000 136.500000 152.500000 138.500000 32.890000
135.500000 136.500000 152.500000 141.500000 32.940000
134.500000 136.500000 152.500000 138.500000 32.982000
134.500000 136.500000 152.500000 140.500000 33.017000
135.500000 134.500000 151.500000 142.500000 33.059000
136.500000 136.500000 152.500000 138.500000 33.104000
135.500000 134.500000 152.500000 141.500000 33.147000
134.500000 135.500000 151.500000 142.500000 33.183000
134.500000 133.500000 151.500000 142.500000 33.219000
134.500000 135.500000 149.500000 139.500000 33.274000
133.500000 136.500000 152.500000 137.500000 33.315000
135.500000 137.500000 150.500000 140.500000 33.347000
135.500000 136.500000 151.500000 140.500000 33.379000
136.500000 133.500000 151.500000 139.500000 33.411000
137.500000 135.500000 153.500000 139.500000 33.441000
134.500000 134.500000 150.500000 140.500000 33.487000
134.500000 136.500000 153.500000 139.500000 33.519000
136.500000 134.500000 151.500000 139.500000 33.554000
134.500000 134.500000 152.500000 138.500000 33.594000
134.500000 135.500000 152.500000 138.500000 33.628000
136.500000 135.500000 153.500000 139.500000 33.665000
134.500000 134.500000 153.500000 139.500000 33.702000
135.500000 136.500000 151.500000 140.500000 33.738000
135.500000 135.500000 152.500000 140.500000 33.786000
134.500000 135.500000 151.500000 140.500000 33.831000
135.500000 133.500000 152.500000 137.500000 33.875000
136.500000 134.500000 152.500000 139.500000 33.911000
136.500000 135.500000 151.500000 140.500000 33.959000
136.500000 135.500000 151.500000 139.500000 33.995000
134.500000 134.500000 150.500000 140.500000 34.027000
136.500000 135.500000 153.500000 139.500000 34.063000
136.500000 135.500000 151.500000 139.500000 34.107000
136.500000 135.500000 150.500000 140.500000 34.157000
136.500000 135.500000 152.500000 137.500000 34.206000
136.500000 133.500000 149.500000 141.500000 34.242000
135.500000 135.500000 150.500000 137.500000 34.282000
134.500000 134.500000 152.500000 139.500000 34.327000
136.500000 135.500000 152.500000 139.500000 34.367000
134.500000 136.500000 151.500000 138.500000 34.400000
136.500000 135.500000 151.500000 137.500000 34.448000
136.500000 135.500000 152.500000 139.500000 34.484000
134.500000 136.500000 152.500000 139.500000 34.524000
135.500000 133.500000 151.500000 137.500000 34.562000
135.500000 135.500000 152.500000 138.500000 34.596000
134.500000 135.500000 152.500000 139.500000 34.635000
136.500000 132.500000 151.500000 139.500000 34.667000
133.500000 132.500000 152.500000 139.500000 34.707000
136.500000 133.500000 151.500000 139.500000 34.744000
137.500000 133.500000 152.500000 139.500000 34.779000
136.500000 134.500000 153.500000 140.500000 34.815000
135.500000 134.500000 153.500000 140.500000 34.864000
135.500000 134.500000 152.500000 137.500000 34.904000
136.500000 134.500000 152.500000 139.500000 34.943000
136.500000 134.500000 152.500000 140.500000 34.972000
135.500000 136.500000 152.500000 137.500000 35.015000
135.500000 134.500000 151.500000 138.500000 35.051000
135.500000 136.500000 152.500000 140.500000 35.089000
136.500000 135.500000 151.500000 139.500000 35.131000
137.500000 134.500000 150.500000 138.500000 35.166000
137.500000 134.500000 151.500000 138.500000 35.204000
135.500000 136.500000 152.500000 140.500000 35.239000
135.500000 135.500000 151.500000 138.500000 35.274000
135.500000 136.500000 151.500000 137.500000 35.312000
135.500000 134.500000 153.500000 138.500000 35.347000
135.500000 134.500000 152.500000 138.500000 35.386000
135.500000 135.500000 151.500000 137.500000 35.428000
134.500000 132.500000 152.500000 139.500000 35.478000
136.500000 134.500000 152.500000 139.500000 35.519000
134.500000 134.500000 152.500000 139.500000 35.563000
135.500000 135.500000 152.500000 139.500000 35.600000
135.500000 133.500000 153.500000 137.500000 35.634000
137.500000 135.500000 151.500000 136.500000 35.671000
135.500000 133.500000 153.500000 137.500000 35.705000
135.500000 133.500000 153.500000 137.500000 35.748000
135.500000 133.500000 151.500000 136.500000 35.794000
137.500000 135.500000 152.500000 136.500000 35.832000
135.500000 132.500000 151.500000 137.500000 35.875000
135.500000 132.500000 152.500000 139.500000 35.920000
137.500000 135.500000 150.500000 137.500000 35.963000
135.500000 133.500000 150.500000 138.500000 36.012000
135.500000 133.500000 152.500000 138.500000 36.059000
135.500000 133.500000 152.500000 139.500000 36.089000
136.500000 133.500000 150.500000 137.500000 36.119000
135.500000 133.500000 152.500000 136.500000 36.151000
136.500000 133.500000 152.500000 138.500000 36.192000
135.500000 135.500000 151.500000 137.500000 36.236000
135.500000 132.500000 151.500000 138.500000 36.276000
136.500000 132.500000 152.500000 137.500000 36.310000
135.500000 134.500000 149.500000 135.500000 36.340000
134.500000 133.500000 150.500000 137.500000 36.385000
135.500000 133.500000 150.500000 137.500000 36.430000
135.500000 134.500000 150.500000 137.500000 36.470000
134.500000 134.500000 151.500000 138.500000 36.512000
135.500000 133.500000 149.500000 135.500000 36.556000
135.500000 133.500000 150.500000 137.500000 36.597000
137.500000 134.500000 150.500000 136.500000 36.651000
136.500000 135.500000 150.500000 136.500000 36.692000
136.500000 132.500000 150.500000 136.500000 36.728000
134.500000 131.500000 152.500000 137.500000 36.774000
134.500000 132.500000 151.500000 136.500000 36.816000
136.500000 133.500000 152.500000 137.500000 36.859000
135.500000 132.500000 150.500000 135.500000 36.896000
136.500000 133.500000 151.500000 136.500000 36.944000
135.500000 132.500000 152.500000 137.500000 36.978000
135.500000 132.500000 151.500000 138.500000 37.032000
137.500000 132.500000 149.500000 137.500000 37.076000
136.500000 134.500000 150.500000 135.500000 37.131000
135.500000 134.500000 150.500000 135.500000 37.170000
135.500000 134.500000 150.500000 135.500000 37.217000
136.500000 134.500000 150.500000 135.500000 37.257000
135.500000 132.500000 151.500000 138.500000 37.308000
134.500000 130.500000 152.500000 136.500000 37.360000
135.500000 134.500000 152.500000 136.500000 37.394000
135.500000 135.500000 152.500000 136.500000 37.430000
135.500000 134.500000 151.500000 135.500000 37.472000
135.500000 135.500000 149.500000 138.500000 37.521000
135.500000 134.500000 150.500000 135.500000 37.564000
134.500000 134.500000 151.500000 135.500000 37.630000
135.500000 132.500000 151.500000 135.500000 37.669000
135.500000 132.500000 149.500000 136.500000 37.705000
134.500000 134.500000 150.500000 136.500000 37.747000
136.500000 133.500000 150.500000 137.500000 37.785000
135.500000 134.500000 150.500000 136.500000 37.837000
134.500000 132.500000 151.500000 135.500000 37.890000
135.500000 133.500000 150.500000 136.500000 37.934000
134.500000 135.500000 149.500000 136.500000 37.976000
134.500000 133.500000 149.500000 138.500000 38.018000
135.500000 134.500000 150.500000 136.500000 38.054000
134.500000 133.500000 151.500000 137.500000 38.094000
134.500000 133.500000 150.500000 137.500000 38.135000
134.500000 132.500000 149.500000 138.500000 38.180000
133.500000 132.500000 150.500000 136.500000 38.225000
136.500000 134.500000 149.500000 138.500000 38.276000
135.500000 133.500000 150.500000 137.500000 38.323000
136.500000 134.500000 152.500000 135.500000 38.371000
136.500000 134.500000 152.500000 135.500000 38.418000
136.500000 134.500000 151.500000 134.500000 38.465000
135.500000 134.500000 152.500000 135.500000 38.501000
135.500000 133.500000 152.500000 135.500000 38.543000
135.500000 133.500000 152.500000 135.500000 38.590000
135.500000 134.500000 151.500000 138.500000 38.639000
135.500000 134.500000 152.500000 135.500000 38.680000
134.500000 132.500000 150.500000 137.500000 38.722000
135.500000 133.500000 150.500000 137.500000 38.757000
134.500000 133.500000 150.500000 137.500000 38.798000
135.500000 131.500000 150.500000 137.500000 38.835000
134.500000 132.500000 150.500000 137.500000 38.877000
136.500000 132.500000 150.500000 137.500000 38.920000
135.500000 131.500000 151.500000 135.500000 38.967000
136.500000 133.500000 151.500000 135.500000 39.027000
135.500000 134.500000 151.500000 138.500000 39.072000
136.500000 135.500000 151.500000 136.500000 39.111000
135.500000 135.500000 151.500000 136.500000 39.154000
134.500000 132.500000 150.500000 136.500000 39.197000
134.500000 132.500000 152.500000 136.500000 39.232000
135.500000 133.500000 151.500000 137.500000 39.276000
134.500000 132.500000 150.500000 135.500000 39.317000
135.500000 131.500000 150.500000 135.500000 39.352000
136.500000 132.500000 150.500000 135.500000 39.392000
136.500000 132.500000 150.500000 136.500000 39.429000
136.500000 132.500000 149.500000 136.500000 39.479000
134.500000 132.500000 151.500000 134.500000 39.517000
134.500000 132.500000 148.500000 134.500000 39.553000
135.500000 131.500000 150.500000 135.500000 39.594000
136.500000 132.500000 150.500000 135.500000 39.636000
134.500000 131.500000 151.500000 135.500000 39.670000
134.500000 132.500000 150.500000 137.500000 39.706000
134.500000 132.500000 149.500000 135.500000 39.747000
136.500000 133.500000 148.500000 133.500000 39.789000
135.500000 132.500000 149.500000 135.500000 39.834000
134.500000 131.500000 151.500000 136.500000 39.870000
134.500000 134.500000 152.500000 134.500000 39.904000
134.500000 134.500000 150.500000 137.500000 39.943000
134.500000 131.500000 150.500000 137.500000 39.978000
